Subject:	S1103
Project:	BesteRTMusic
Time:	2015-03-11_13-22-35

NbPoints	Matlab_now	BoxyTime	Stimulus_String	Trial_no	Stimulus_Label	Stimulus_Time
354	48186.676	2937.529	1;baselinestart;1426094586656;	1	baselinestart	1426094586656	
1050	48245.690	2996.573	1;baselineend;1426094645658;	1	baselineend	1426094645658	
1124	48251.976	3002.832	13;hardstart;1426094651946;	13	hardstart	1426094651946	
1478	48281.946	3032.870	13;hardend;1426094681966;	13	hardend	1426094681966	
1790	48308.433	3059.315	3;easystart;1426094708410;	3	easystart	1426094708410	
2143	48338.417	3089.227	3;easyend;1426094738410;	3	easyend	1426094738410	
2452	48364.564	3115.461	15;hardstart;1426094764502;	15	hardstart	1426094764502	
2805	48394.532	3145.414	15;hardend;1426094794502;	15	hardend	1426094794502	
3113	48420.632	3171.545	22;hardstart;1426094820615;	22	hardstart	1426094820615	
3467	48450.645	3201.581	22;hardend;1426094850615;	22	hardend	1426094850615	
3775	48476.743	3227.669	12;easystart;1426094876709;	12	easystart	1426094876709	
4128	48506.711	3257.623	12;easyend;1426094906709;	12	easyend	1426094906709	
4436	48532.829	3283.753	9;easystart;1426094932754;	9	easystart	1426094932754	
4789	48562.770	3313.707	9;easyend;1426094962760;	9	easyend	1426094962760	
5097	48588.842	3339.816	10;easystart;1426094988811;	10	easystart	1426094988811	
5451	48618.878	3369.832	10;easyend;1426095018817;	10	easyend	1426095018817	
5758	48644.918	3395.899	14;hardstart;1426095044883;	14	hardstart	1426095044883	
6112	48674.936	3425.915	14;hardend;1426095074889;	14	hardend	1426095074889	
7003	48750.512	3501.470	4;easystart;1426095150511;	4	easystart	1426095150511	
7357	48780.564	3531.508	4;easyend;1426095180517;	4	easyend	1426095180517	
7664	48806.588	3557.553	18;hardstart;1426095206561;	18	hardstart	1426095206561	
8018	48836.635	3587.591	18;hardend;1426095236564;	18	hardend	1426095236564	
8329	48863.000	3613.931	17;hardstart;1426095262877;	17	hardstart	1426095262877	
8682	48892.906	3643.883	17;hardend;1426095292880;	17	hardend	1426095292880	
8990	48919.040	3670.014	7;easystart;1426095318950;	7	easystart	1426095318950	
9343	48948.960	3699.967	7;easyend;1426095348954;	7	easyend	1426095348954	
9650	48974.997	3725.991	11;easystart;1426095374991;	11	easystart	1426095374991	
10004	49005.014	3756.009	11;easyend;1426095404994;	11	easyend	1426095404994	
10311	49031.069	3782.075	23;hardstart;1426095431043;	23	hardstart	1426095431043	
10665	49061.085	3812.093	23;hardend;1426095461046;	23	hardend	1426095461046	
10973	49087.169	3838.201	2;easystart;1426095487160;	2	easystart	1426095487160	
11327	49117.200	3868.217	2;easyend;1426095517163;	2	easyend	1426095517163	
11635	49143.314	3894.369	5;easystart;1426095543253;	5	easystart	1426095543253	
11988	49173.254	3924.300	5;easyend;1426095573256;	5	easyend	1426095573256	
12798	49241.974	3993.029	20;hardstart;1426095641956;	20	hardstart	1426095641956	
13152	49271.976	4023.044	20;hardend;1426095671959;	20	hardend	1426095671959	
13459	49298.045	4049.070	8;easystart;1426095698004;	8	easystart	1426095698004	
13813	49328.028	4079.086	8;easyend;1426095728007;	8	easyend	1426095728007	
14120	49354.081	4105.153	6;easystart;1426095754055;	6	easystart	1426095754055	
14474	49384.115	4135.191	6;easyend;1426095784058;	6	easyend	1426095784058	
14781	49410.121	4161.195	21;hardstart;1426095810097;	21	hardstart	1426095810097	
15135	49440.181	4191.232	21;hardend;1426095840100;	21	hardend	1426095840100	
15442	49466.172	4217.278	16;hardstart;1426095866152;	16	hardstart	1426095866152	
15796	49496.236	4247.274	16;hardend;1426095896155;	16	hardend	1426095896155	
16104	49522.303	4273.404	19;hardstart;1426095922242;	19	hardstart	1426095922242	
16457	49552.273	4303.357	19;hardend;1426095952245;	19	hardend	1426095952245	
16458	49552.335	4303.440	100;experimentfinished;1426095952250;	100	experimentfinished	1426095952250	
16814	49661.556	4412.708	e;15.8;84.2	e	15.8	84.2	
16819	49661.977	4413.108	e;0.0;100.0	e	0.0	100.0	
16825	49662.477	4413.611	e;7.3;92.7	e	7.3	92.7	
16831	49663.055	4414.137	h;92.1;7.9	h	92.1	7.9	
16837	49663.524	4414.641	h;54.2;45.8	h	54.2	45.8	
16843	49664.067	4415.166	h;75.5;24.5	h	75.5	24.5	
16849	49664.584	4415.649	h;95.3;4.7	h	95.3	4.7	
16855	49665.082	4416.154	h;100.0;0.0	h	100.0	0.0	
16861	49665.551	4416.678	h;100.0;0.0	h	100.0	0.0	
16873	49666.611	4417.708	e;0.0;100.0	e	0.0	100.0	
16879	49667.081	4418.191	e;0.0;100.0	e	0.0	100.0	
16885	49667.595	4418.716	e;0.0;100.0	e	0.0	100.0	
16891	49668.125	4419.221	e;0.0;100.0	e	0.0	100.0	
16897	49668.609	4419.724	e;0.0;100.0	e	0.0	100.0	
16903	49669.156	4420.250	e;0.0;100.0	e	0.0	100.0	
16909	49669.607	4420.733	h;91.9;8.1	h	91.9	8.1	
16915	49670.154	4421.258	h;93.1;6.9	h	93.1	6.9	
16921	49670.683	4421.762	h;96.7;3.3	h	96.7	3.3	
16927	49671.153	4422.287	h;100.0;0.0	h	100.0	0.0	
16933	49671.650	4422.791	e;0.0;100.0	e	0.0	100.0	
16939	49672.150	4423.275	h;92.4;7.6	h	92.4	7.6	
16945	49672.680	4423.799	h;91.8;8.2	h	91.8	8.2	
16951	49673.212	4424.303	h;92.5;7.5	h	92.5	7.5	
16957	49673.696	4424.828	h;91.9;8.1	h	91.9	8.1	
16963	49674.177	4425.333	h;92.3;7.7	h	92.3	7.7	
16969	49674.740	4425.815	h;92.3;7.7	h	92.3	7.7	
16975	49675.224	4426.341	h;92.1;7.9	h	92.1	7.9	
16981	49675.753	4426.844	h;92.3;7.7	h	92.3	7.7	
16987	49676.220	4427.370	h;92.5;7.5	h	92.5	7.5	
16993	49676.754	4427.874	h;92.5;7.5	h	92.5	7.5	
16999	49677.299	4428.399	h;92.5;7.5	h	92.5	7.5	
17005	49677.783	4428.882	h;92.4;7.6	h	92.4	7.6	
17011	49678.314	4429.387	h;92.7;7.3	h	92.7	7.3	
17017	49678.827	4429.911	h;92.3;7.7	h	92.3	7.7	
17023	49679.294	4430.416	h;92.8;7.2	h	92.8	7.2	
17029	49679.811	4430.941	h;100.0;0.0	h	100.0	0.0	
17035	49680.310	4431.424	h;91.5;8.5	h	91.5	8.5	
17047	49681.353	4432.454	e;2.2;97.8	e	2.2	97.8	
17059	49682.367	4433.483	h;92.1;7.9	h	92.1	7.9	
17065	49682.869	4433.966	h;100.0;0.0	h	100.0	0.0	
17071	49683.350	4434.491	h;86.1;13.9	h	86.1	13.9	
17077	49683.898	4434.995	h;99.5;0.5	h	99.5	0.5	
17083	49684.413	4435.479	h;100.0;0.0	h	100.0	0.0	
17089	49684.941	4436.024	e;5.0;95.0	e	5.0	95.0	
17095	49685.409	4436.508	h;92.7;7.3	h	92.7	7.3	
17101	49685.892	4437.032	e;0.0;100.0	e	0.0	100.0	
17107	49686.425	4437.537	e;0.0;100.0	e	0.0	100.0	
17113	49686.924	4438.062	e;0.0;100.0	e	0.0	100.0	
17119	49687.440	4438.566	e;0.0;100.0	e	0.0	100.0	
17125	49687.986	4439.049	e;0.0;100.0	e	0.0	100.0	
17132	49688.499	4439.659	h;100.0;0.0	h	100.0	0.0	
17137	49688.921	4440.078	h;83.7;16.3	h	83.7	16.3	
17143	49689.451	4440.604	h;100.0;0.0	h	100.0	0.0	
17149	49689.997	4441.108	e;40.4;59.6	e	40.4	59.6	
17155	49690.498	4441.633	h;98.9;1.1	h	98.9	1.1	
17161	49690.981	4442.115	h;99.5;0.5	h	99.5	0.5	
17173	49692.040	4443.144	h;99.8;0.2	h	99.8	0.2	
17179	49692.523	4443.648	e;4.3;95.7	e	4.3	95.7	
17185	49693.086	4444.174	e;3.7;96.3	e	3.7	96.3	
17191	49693.539	4444.656	h;98.9;1.1	h	98.9	1.1	
17197	49694.052	4445.203	e;0.0;100.0	e	0.0	100.0	
17203	49694.551	4445.687	e;0.0;100.0	e	0.0	100.0	
17215	49695.581	4446.716	h;99.8;0.2	h	99.8	0.2	
17221	49696.097	4447.199	e;0.0;100.0	e	0.0	100.0	
17228	49696.657	4447.808	h;88.8;11.2	h	88.8	11.2	
17233	49697.143	4448.228	h;92.5;7.5	h	92.5	7.5	
17239	49697.659	4448.712	h;56.9;43.1	h	56.9	43.1	
17245	49698.159	4449.257	h;100.0;0.0	h	100.0	0.0	
17251	49698.609	4449.741	e;31.2;68.8	e	31.2	68.8	
17257	49699.155	4450.265	h;91.7;8.3	h	91.7	8.3	
17263	49699.654	4450.769	h;77.9;22.1	h	77.9	22.1	
17269	49700.216	4451.316	h;97.2;2.8	h	97.2	2.8	
17275	49700.668	4451.798	e;43.5;56.5	e	43.5	56.5	
17281	49701.166	4452.282	e;41.1;58.9	e	41.1	58.9	
17286	49701.590	4452.745	1000;level0start;1426096101545;	1000	level0start	1426096101545	
17287	49701.669	4452.808	h;76.0;24.0	h	76.0	24.0	
17293	49702.197	4453.311	e;5.6;94.4	e	5.6	94.4	
17299	49702.696	4453.837	h;64.9;35.1	h	64.9	35.1	
17305	49703.258	4454.341	e;31.0;69.0	e	31.0	69.0	
17311	49703.742	4454.865	e;0.0;100.0	e	0.0	100.0	
17317	49704.226	4455.349	e;0.0;100.0	e	0.0	100.0	
17323	49704.707	4455.854	e;0.0;100.0	e	0.0	100.0	
17329	49705.286	4456.378	h;100.0;0.0	h	100.0	0.0	
17335	49705.724	4456.862	h;98.4;1.6	h	98.4	1.6	
17341	49706.283	4457.408	e;22.4;77.6	e	22.4	77.6	
17348	49706.863	4457.975	h;94.8;5.2	h	94.8	5.2	
17353	49707.282	4458.395	h;94.3;5.7	h	94.3	5.7	
17359	49707.781	4458.919	e;23.8;76.2	e	23.8	76.2	
17365	49708.312	4459.402	e;25.2;74.8	e	25.2	74.8	
17371	49708.844	4459.948	h;94.4;5.6	h	94.4	5.6	
17377	49709.343	4460.432	e;22.5;77.5	e	22.5	77.5	
17383	49709.857	4460.977	h;93.9;6.1	h	93.9	6.1	
17389	49710.326	4461.461	e;34.3;65.7	e	34.3	65.7	
17395	49710.825	4461.944	e;5.5;94.5	e	5.5	94.5	
17401	49711.356	4462.490	h;50.0;50.0	h	50.0	50.0	
17407	49711.837	4462.973	h;97.3;2.7	h	97.3	2.7	
17413	49712.401	4463.519	h;97.3;2.7	h	97.3	2.7	
17419	49712.901	4464.002	h;100.0;0.0	h	100.0	0.0	
17425	49713.413	4464.549	e;0.6;99.4	e	0.6	99.4	
17431	49713.897	4465.010	h;98.5;1.5	h	98.5	1.5	
17437	49714.411	4465.515	e;0.0;100.0	e	0.0	100.0	
17443	49714.897	4466.040	h;58.4;41.6	h	58.4	41.6	
17449	49715.427	4466.544	e;0.0;100.0	e	0.0	100.0	
17455	49715.971	4467.069	h;73.0;27.0	h	73.0	27.0	
17461	49716.423	4467.574	e;4.3;95.7	e	4.3	95.7	
17467	49716.957	4468.056	e;0.0;100.0	e	0.0	100.0	
17473	49717.471	4468.582	e;3.8;96.2	e	3.8	96.2	
17479	49717.955	4469.086	e;2.9;97.1	e	2.9	97.1	
17485	49718.456	4469.611	e;0.0;100.0	e	0.0	100.0	
17491	49718.998	4470.094	h;51.6;48.4	h	51.6	48.4	
17497	49719.531	4470.641	e;0.5;99.5	e	0.5	99.5	
17503	49719.997	4471.123	e;4.3;95.7	e	4.3	95.7	
17509	49720.514	4471.628	e;2.7;97.3	e	2.7	97.3	
17515	49721.059	4472.154	e;0.0;100.0	e	0.0	100.0	
17521	49721.496	4472.636	h;93.9;6.1	h	93.9	6.1	
17527	49722.042	4473.182	e;0.0;100.0	e	0.0	100.0	
17533	49722.541	4473.665	e;0.0;100.0	e	0.0	100.0	
17539	49723.071	4474.211	e;4.4;95.6	e	4.4	95.6	
17545	49723.584	4474.695	e;4.1;95.9	e	4.1	95.9	
17551	49724.069	4475.177	e;4.3;95.7	e	4.3	95.7	
17557	49724.583	4475.703	e;4.3;95.7	e	4.3	95.7	
17563	49725.083	4476.207	e;4.4;95.6	e	4.4	95.6	
17569	49725.628	4476.753	e;49.4;50.6	e	49.4	50.6	
17575	49726.127	4477.235	e;0.0;100.0	e	0.0	100.0	
17581	49726.658	4477.761	h;55.0;45.0	h	55.0	45.0	
17587	49727.160	4478.243	h;99.7;0.3	h	99.7	0.3	
17593	49727.641	4478.748	e;4.7;95.3	e	4.7	95.3	
17600	49728.203	4479.357	e;4.5;95.5	e	4.5	95.5	
17605	49728.655	4479.777	e;4.4;95.6	e	4.4	95.6	
17611	49729.188	4480.302	e;4.4;95.6	e	4.4	95.6	
17617	49729.687	4480.786	e;4.4;95.6	e	4.4	95.6	
17623	49730.184	4481.289	e;4.3;95.7	e	4.3	95.7	
17629	49730.683	4481.815	e;0.0;100.0	e	0.0	100.0	
17635	49731.183	4482.319	e;0.0;100.0	e	0.0	100.0	
17647	49732.227	4483.327	e;12.0;88.0	e	12.0	88.0	
17653	49732.742	4483.874	h;92.5;7.5	h	92.5	7.5	
17659	49733.241	4484.356	e;0.6;99.4	e	0.6	99.4	
17665	49733.756	4484.861	e;0.0;100.0	e	0.0	100.0	
17671	49734.256	4485.386	e;31.0;69.0	e	31.0	69.0	
17677	49734.755	4485.869	h;93.1;6.9	h	93.1	6.9	
17683	49735.301	4486.415	h;92.2;7.8	h	92.2	7.8	
17689	49735.800	4486.899	h;100.0;0.0	h	100.0	0.0	
17695	49736.330	4487.444	e;2.4;97.6	e	2.4	97.6	
17707	49737.314	4488.411	h;100.0;0.0	h	100.0	0.0	
17713	49737.844	4488.957	h;100.0;0.0	h	100.0	0.0	
17719	49738.312	4489.440	h;100.0;0.0	h	100.0	0.0	
17725	49738.889	4489.986	h;98.3;1.7	h	98.3	1.7	
17731	49739.357	4490.469	e;4.6;95.4	e	4.6	95.4	
17737	49739.888	4490.953	e;23.1;76.9	e	23.1	76.9	
17743	49740.387	4491.477	h;100.0;0.0	h	100.0	0.0	
17749	49740.841	4491.982	e;0.0;100.0	e	0.0	100.0	
17755	49741.401	4492.528	h;96.0;4.0	h	96.0	4.0	
17767	49742.399	4493.536	h;56.0;44.0	h	56.0	44.0	
17773	49742.899	4494.020	h;100.0;0.0	h	100.0	0.0	
17779	49743.431	4494.522	h;99.0;1.0	h	99.0	1.0	
17785	49743.944	4495.069	e;4.8;95.2	e	4.8	95.2	
17791	49744.443	4495.552	h;93.9;6.1	h	93.9	6.1	
17797	49744.958	4496.077	e;0.0;100.0	e	0.0	100.0	
17803	49745.426	4496.560	e;0.0;100.0	e	0.0	100.0	
17809	49746.005	4497.107	e;7.8;92.2	e	7.8	92.2	
17815	49746.504	4497.589	e;0.0;100.0	e	0.0	100.0	
17821	49746.986	4498.094	e;6.6;93.4	e	6.6	93.4	
17827	49747.501	4498.619	e;0.0;100.0	e	0.0	100.0	
17833	49748.002	4499.102	e;11.2;88.8	e	11.2	88.8	
17839	49748.499	4499.648	e;0.0;100.0	e	0.0	100.0	
17845	49749.000	4500.132	e;0.0;100.0	e	0.0	100.0	
17851	49749.498	4500.635	e;0.0;100.0	e	0.0	100.0	
17857	49750.060	4501.161	e;26.5;73.5	e	26.5	73.5	
17869	49751.028	4502.190	h;100.0;0.0	h	100.0	0.0	
17875	49751.541	4502.673	e;22.1;77.9	e	22.1	77.9	
17881	49752.105	4503.219	h;57.3;42.7	h	57.3	42.7	
17887	49752.555	4503.702	h;92.1;7.9	h	92.1	7.9	
17893	49753.056	4504.186	h;92.5;7.5	h	92.5	7.5	
17899	49753.601	4504.731	h;92.7;7.3	h	92.7	7.3	
17905	49754.070	4505.215	h;92.6;7.4	h	92.6	7.4	
17911	49754.647	4505.761	h;92.5;7.5	h	92.5	7.5	
17917	49755.084	4506.244	h;92.4;7.6	h	92.4	7.6	
17923	49755.644	4506.769	h;92.5;7.5	h	92.5	7.5	
17929	49756.145	4507.253	h;92.5;7.5	h	92.5	7.5	
17936	49756.723	4507.840	h;92.5;7.5	h	92.5	7.5	
17941	49757.205	4508.303	h;92.4;7.6	h	92.4	7.6	
17947	49757.688	4508.786	e;2.0;98.0	e	2.0	98.0	
17953	49758.219	4509.311	e;0.0;100.0	e	0.0	100.0	
17959	49758.642	4509.794	h;90.4;9.6	h	90.4	9.6	
17960	49758.766	4509.878	1000;level0end;1426096158641;	1000	level0end	1426096158641	
17961	49758.828	4509.962	1001;level1start;1426096158679;	1001	level1start	1426096158679	
17965	49759.233	4510.341	h;100.0;0.0	h	100.0	0.0	
17971	49759.732	4510.823	e;24.0;76.0	e	24.0	76.0	
17977	49760.186	4511.328	e;0.0;100.0	e	0.0	100.0	
17984	49760.762	4511.936	e;0.0;100.0	e	0.0	100.0	
17989	49761.201	4512.334	e;1.8;98.2	e	1.8	98.2	
17995	49761.760	4512.881	e;0.0;100.0	e	0.0	100.0	
18001	49762.214	4513.365	h;100.0;0.0	h	100.0	0.0	
18007	49762.776	4513.868	h;96.2;3.8	h	96.2	3.8	
18013	49763.288	4514.394	h;89.5;10.5	h	89.5	10.5	
18019	49763.726	4514.877	h;91.6;8.4	h	91.6	8.4	
18025	49764.289	4515.422	h;100.0;0.0	h	100.0	0.0	
18031	49764.771	4515.906	h;100.0;0.0	h	100.0	0.0	
18037	49765.350	4516.451	h;100.0;0.0	h	100.0	0.0	
18043	49765.831	4516.935	h;91.9;8.1	h	91.9	8.1	
18049	49766.300	4517.419	h;78.1;21.9	h	78.1	21.9	
18055	49766.830	4517.964	e;1.4;98.6	e	1.4	98.6	
18061	49767.345	4518.447	h;82.7;17.3	h	82.7	17.3	
18067	49767.844	4518.994	h;91.8;8.2	h	91.8	8.2	
18073	49768.375	4519.476	h;89.6;10.4	h	89.6	10.4	
18079	49768.890	4520.002	e;0.0;100.0	e	0.0	100.0	
18085	49769.373	4520.507	e;0.0;100.0	e	0.0	100.0	
18091	49769.872	4520.989	e;13.4;86.6	e	13.4	86.6	
18097	49770.387	4521.515	h;99.9;0.1	h	99.9	0.1	
18103	49770.886	4522.019	h;97.5;2.5	h	97.5	2.5	
18109	49771.432	4522.543	e;3.7;96.3	e	3.7	96.3	
18115	49771.888	4523.027	h;96.2;3.8	h	96.2	3.8	
18121	49772.431	4523.532	h;99.9;0.1	h	99.9	0.1	
18127	49772.915	4524.056	e;3.2;96.8	e	3.2	96.8	
18133	49773.445	4524.561	e;3.6;96.4	e	3.6	96.4	
18139	49773.929	4525.085	e;3.8;96.2	e	3.8	96.2	
18145	49774.459	4525.568	h;87.1;12.9	h	87.1	12.9	
18151	49774.991	4526.115	h;100.0;0.0	h	100.0	0.0	
18157	49775.473	4526.597	h;100.0;0.0	h	100.0	0.0	
18163	49775.972	4527.081	h;100.0;0.0	h	100.0	0.0	
18169	49776.518	4527.628	h;85.5;14.5	h	85.5	14.5	
18175	49777.003	4528.110	h;100.0;0.0	h	100.0	0.0	
18181	49777.533	4528.657	h;91.5;8.5	h	91.5	8.5	
18187	49778.033	4529.140	h;90.0;10.0	h	90.0	10.0	
18193	49778.547	4529.664	h;92.2;7.8	h	92.2	7.8	
18199	49779.046	4530.168	h;100.0;0.0	h	100.0	0.0	
18205	49779.529	4530.651	h;92.1;7.9	h	92.1	7.9	
18211	49780.060	4531.197	h;91.3;8.7	h	91.3	8.7	
18217	49780.543	4531.680	h;92.4;7.6	h	92.4	7.6	
18223	49781.121	4532.227	h;88.9;11.1	h	88.9	11.1	
18229	49781.557	4532.709	h;99.9;0.1	h	99.9	0.1	
18235	49782.090	4533.193	e;3.0;97.0	e	3.0	97.0	
18241	49782.602	4533.739	h;68.9;31.1	h	68.9	31.1	
18247	49783.086	4534.222	h;92.7;7.3	h	92.7	7.3	
18253	49783.632	4534.747	h;100.0;0.0	h	100.0	0.0	
18259	49784.133	4535.252	e;4.7;95.3	e	4.7	95.3	
18265	49784.630	4535.776	h;99.5;0.5	h	99.5	0.5	
18272	49785.224	4536.344	h;73.4;26.6	h	73.4	26.6	
18277	49785.646	4536.764	h;99.8;0.2	h	99.8	0.2	
18283	49786.143	4537.310	e;42.7;57.3	e	42.7	57.3	
18289	49786.659	4537.772	e;29.1;70.9	e	29.1	70.9	
18295	49787.190	4538.319	h;100.0;0.0	h	100.0	0.0	
18301	49787.642	4538.801	e;42.8;57.2	e	42.8	57.2	
18307	49788.236	4539.348	h;100.0;0.0	h	100.0	0.0	
18313	49788.671	4539.832	e;0.0;100.0	e	0.0	100.0	
18319	49789.202	4540.314	e;2.7;97.3	e	2.7	97.3	
18326	49789.828	4540.945	e;3.9;96.1	e	3.9	96.1	
18331	49790.186	4541.343	e;4.6;95.4	e	4.6	95.4	
18337	49790.715	4541.889	e;3.0;97.0	e	3.0	97.0	
18343	49791.247	4542.373	e;5.0;95.0	e	5.0	95.0	
18349	49791.760	4542.918	e;3.5;96.5	e	3.5	96.5	
18355	49792.246	4543.402	e;21.9;78.1	e	21.9	78.1	
18361	49792.727	4543.885	e;1.4;98.6	e	1.4	98.6	
18367	49793.304	4544.431	h;97.2;2.8	h	97.2	2.8	
18373	49793.789	4544.914	e;0.0;100.0	e	0.0	100.0	
18379	49794.318	4545.461	h;100.0;0.0	h	100.0	0.0	
18385	49794.804	4545.943	h;61.9;38.1	h	61.9	38.1	
18391	49795.349	4546.427	h;100.0;0.0	h	100.0	0.0	
18397	49795.783	4546.972	e;0.0;100.0	e	0.0	100.0	
18403	49796.299	4547.455	h;100.0;0.0	h	100.0	0.0	
18409	49796.847	4547.980	e;0.0;100.0	e	0.0	100.0	
18415	49797.330	4548.485	e;0.0;100.0	e	0.0	100.0	
18421	49797.860	4549.009	e;4.1;95.9	e	4.1	95.9	
18427	49798.376	4549.514	h;99.2;0.8	h	99.2	0.8	
18433	49798.827	4549.997	e;3.8;96.2	e	3.8	96.2	
18439	49799.422	4550.522	e;4.7;95.3	e	4.7	95.3	
18445	49799.888	4551.026	e;0.0;100.0	e	0.0	100.0	
18451	49800.387	4551.552	h;92.6;7.4	h	92.6	7.4	
18457	49800.889	4552.055	e;0.0;100.0	e	0.0	100.0	
18463	49801.490	4552.581	e;0.0;100.0	e	0.0	100.0	
18475	49802.415	4553.547	h;92.4;7.6	h	92.4	7.6	
18481	49802.963	4554.093	h;92.8;7.2	h	92.8	7.2	
18488	49803.538	4554.660	h;73.7;26.3	h	73.7	26.3	
18493	49803.977	4555.122	e;4.8;95.2	e	4.8	95.2	
18499	49804.476	4555.606	h;91.8;8.2	h	91.8	8.2	
18505	49805.020	4556.088	e;5.9;94.1	e	5.9	94.1	
18511	49805.537	4556.635	e;0.0;100.0	e	0.0	100.0	
18517	49805.987	4557.118	e;1.5;98.5	e	1.5	98.5	
18523	49806.551	4557.664	h;100.0;0.0	h	100.0	0.0	
18529	49806.987	4558.147	e;0.0;100.0	e	0.0	100.0	
18535	49807.550	4558.673	h;100.0;0.0	h	100.0	0.0	
18541	49808.051	4559.176	e;1.8;98.2	e	1.8	98.2	
18547	49808.597	4559.660	h;100.0;0.0	h	100.0	0.0	
18553	49809.065	4560.206	e;0.3;99.7	e	0.3	99.7	
18559	49809.546	4560.689	e;18.9;81.1	e	18.9	81.1	
18565	49810.075	4561.214	h;100.0;0.0	h	100.0	0.0	
18571	49810.575	4561.719	e;3.1;96.9	e	3.1	96.9	
18577	49811.107	4562.243	e;0.0;100.0	e	0.0	100.0	
18583	49811.635	4562.748	h;99.9;0.1	h	99.9	0.1	
18589	49812.104	4563.231	e;0.0;100.0	e	0.0	100.0	
18595	49812.605	4563.756	e;0.0;100.0	e	0.0	100.0	
18601	49813.133	4564.259	e;0.0;100.0	e	0.0	100.0	
18607	49813.664	4564.785	e;26.2;73.8	e	26.2	73.8	
18613	49814.131	4565.288	e;4.3;95.7	e	4.3	95.7	
18619	49814.647	4565.772	h;68.2;31.8	h	68.2	31.8	
18625	49815.145	4566.297	e;0.0;100.0	e	0.0	100.0	
18631	49815.646	4566.780	e;4.4;95.6	e	4.4	95.6	
18637	49816.224	4567.326	h;96.4;3.6	h	96.4	3.6	
18644	49816.784	4567.893	h;57.7;42.3	h	57.7	42.3	
18649	49817.205	4568.355	e;0.0;100.0	e	0.0	100.0	
18655	49817.705	4568.839	e;7.2;92.8	e	7.2	92.8	
18661	49818.206	4569.322	h;80.8;19.2	h	80.8	19.2	
18667	49818.751	4569.868	h;98.5;1.5	h	98.5	1.5	
18673	49819.202	4570.351	h;79.5;20.5	h	79.5	20.5	
18679	49819.733	4570.897	h;100.0;0.0	h	100.0	0.0	
18685	49820.234	4571.380	e;0.0;100.0	e	0.0	100.0	
18691	49820.794	4571.906	e;22.8;77.2	e	22.8	77.2	
18697	49821.261	4572.409	h;92.3;7.7	h	92.3	7.7	
18703	49821.761	4572.893	e;31.2;68.8	e	31.2	68.8	
18709	49822.291	4573.439	e;26.4;73.6	e	26.4	73.6	
18715	49822.760	4573.922	h;99.7;0.3	h	99.7	0.3	
18721	49823.308	4574.447	h;92.4;7.6	h	92.4	7.6	
18727	49823.821	4574.952	h;98.4;1.6	h	98.4	1.6	
18733	49824.352	4575.476	h;92.8;7.2	h	92.8	7.2	
18739	49824.849	4575.981	h;92.9;7.1	h	92.9	7.1	
18745	49825.318	4576.464	h;92.7;7.3	h	92.7	7.3	
18751	49825.847	4576.989	h;92.8;7.2	h	92.8	7.2	
18757	49826.349	4577.493	e;0.8;99.2	e	0.8	99.2	
18763	49826.849	4578.018	h;99.9;0.1	h	99.9	0.1	
18769	49827.410	4578.522	h;100.0;0.0	h	100.0	0.0	
18774	49827.785	4578.922	1001;level1end;1426096227692;	1001	level1end	1426096227692	
18775	49827.923	4579.006	1002;level2start;1426096227751;	1002	level2start	1426096227751	
18776	49827.929	4579.132	h;79.1;20.9	h	79.1	20.9	
18781	49828.408	4579.530	h;57.4;42.6	h	57.4	42.6	
18787	49828.876	4580.014	h;99.8;0.2	h	99.8	0.2	
18793	49829.421	4580.560	e;31.2;68.8	e	31.2	68.8	
18800	49829.952	4581.127	h;98.3;1.7	h	98.3	1.7	
18805	49830.419	4581.589	e;4.4;95.6	e	4.4	95.6	
18811	49830.904	4582.072	e;4.5;95.5	e	4.5	95.5	
18817	49831.388	4582.555	e;4.3;95.7	e	4.3	95.7	
18823	49831.950	4583.100	e;4.2;95.8	e	4.2	95.8	
18829	49832.449	4583.605	e;4.3;95.7	e	4.3	95.7	
18835	49832.978	4584.129	e;4.2;95.8	e	4.2	95.8	
18841	49833.447	4584.613	h;100.0;0.0	h	100.0	0.0	
18853	49834.492	4585.642	e;0.0;100.0	e	0.0	100.0	
18859	49834.992	4586.125	e;4.6;95.4	e	4.6	95.4	
18865	49835.521	4586.672	h;92.3;7.7	h	92.3	7.7	
18871	49836.003	4587.154	e;0.0;100.0	e	0.0	100.0	
18877	49836.551	4587.680	h;82.3;17.7	h	82.3	17.7	
18883	49837.037	4588.185	h;90.9;9.1	h	90.9	9.1	
18889	49837.549	4588.667	h;92.3;7.7	h	92.3	7.7	
18896	49838.159	4589.277	h;92.7;7.3	h	92.7	7.3	
18901	49838.531	4589.697	h;93.1;6.9	h	93.1	6.9	
18907	49839.045	4590.221	h;93.9;6.1	h	93.9	6.1	
18913	49839.594	4590.726	e;0.0;100.0	e	0.0	100.0	
18919	49840.109	4591.252	h;93.3;6.7	h	93.3	6.7	
18925	49840.607	4591.755	e;0.0;100.0	e	0.0	100.0	
18931	49841.138	4592.239	e;6.6;93.4	e	6.6	93.4	
18937	49841.589	4592.764	h;84.8;15.2	h	84.8	15.2	
18943	49842.121	4593.267	e;0.0;100.0	e	0.0	100.0	
18949	49842.681	4593.793	e;4.5;95.5	e	4.5	95.5	
18955	49843.165	4594.296	e;4.4;95.6	e	4.4	95.6	
18961	49843.664	4594.822	e;1.6;98.4	e	1.6	98.4	
18967	49844.148	4595.306	e;0.0;100.0	e	0.0	100.0	
18973	49844.646	4595.788	h;59.2;40.8	h	59.2	40.8	
18979	49845.223	4596.335	h;100.0;0.0	h	100.0	0.0	
18985	49845.661	4596.839	h;92.2;7.8	h	92.2	7.8	
18991	49846.207	4597.363	h;92.5;7.5	h	92.5	7.5	
18997	49846.706	4597.847	h;99.9;0.1	h	99.9	0.1	
19003	49847.208	4598.331	h;92.6;7.4	h	92.6	7.4	
19009	49847.720	4598.876	h;92.6;7.4	h	92.6	7.4	
19015	49848.237	4599.358	e;0.3;99.7	e	0.3	99.7	
19021	49848.799	4599.905	h;100.0;0.0	h	100.0	0.0	
19027	49849.218	4600.387	h;85.3;14.7	h	85.3	14.7	
19033	49849.764	4600.913	e;1.1;98.9	e	1.1	98.9	
19039	49850.250	4601.417	e;12.2;87.8	e	12.2	87.8	
19045	49850.779	4601.900	h;100.0;0.0	h	100.0	0.0	
19051	49851.309	4602.446	h;98.8;1.2	h	98.8	1.2	
19058	49851.872	4603.014	e;2.9;97.1	e	2.9	97.1	
19063	49852.275	4603.454	e;4.6;95.4	e	4.6	95.4	
19069	49852.821	4603.959	e;3.3;96.7	e	3.3	96.7	
19075	49853.322	4604.484	e;0.0;100.0	e	0.0	100.0	
19081	49853.837	4604.988	h;92.7;7.3	h	92.7	7.3	
19087	49854.335	4605.471	h;92.6;7.4	h	92.6	7.4	
19093	49854.849	4605.997	h;93.0;7.0	h	93.0	7.0	
19099	49855.348	4606.500	h;78.4;21.6	h	78.4	21.6	
19105	49855.864	4607.026	h;93.0;7.0	h	93.0	7.0	
19111	49856.363	4607.508	e;1.9;98.1	e	1.9	98.1	
19117	49856.878	4608.055	h;74.7;25.3	h	74.7	25.3	
19123	49857.393	4608.538	e;0.0;100.0	e	0.0	100.0	
19129	49857.878	4609.042	h;99.0;1.0	h	99.0	1.0	
19135	49858.438	4609.567	e;10.1;89.9	e	10.1	89.9	
19141	49858.891	4610.051	e;4.4;95.6	e	4.4	95.6	
19147	49859.421	4610.596	e;3.9;96.1	e	3.9	96.1	
19153	49859.951	4611.080	h;99.8;0.2	h	99.8	0.2	
19159	49860.452	4611.563	h;96.0;4.0	h	96.0	4.0	
19165	49860.983	4612.109	h;99.9;0.1	h	99.9	0.1	
19171	49861.464	4612.592	h;79.9;20.1	h	79.9	20.1	
19177	49862.026	4613.139	h;53.8;46.2	h	53.8	46.2	
19183	49862.480	4613.621	h;97.2;2.8	h	97.2	2.8	
19189	49863.026	4614.147	h;99.9;0.1	h	99.9	0.1	
19195	49863.494	4614.652	h;92.2;7.8	h	92.2	7.8	
19201	49863.993	4615.134	e;3.4;96.6	e	3.4	96.6	
19207	49864.539	4615.680	h;100.0;0.0	h	100.0	0.0	
19213	49864.974	4616.164	h;92.6;7.4	h	92.6	7.4	
19219	49865.522	4616.687	h;92.9;7.1	h	92.9	7.1	
19225	49866.021	4617.192	e;0.0;100.0	e	0.0	100.0	
19231	49866.550	4617.717	h;67.7;32.3	h	67.7	32.3	
19237	49867.036	4618.200	e;1.7;98.3	e	1.7	98.3	
19243	49867.518	4618.704	h;100.0;0.0	h	100.0	0.0	
19249	49868.081	4619.230	h;92.2;7.8	h	92.2	7.8	
19255	49868.581	4619.733	h;92.1;7.9	h	92.1	7.9	
19261	49869.111	4620.259	h;100.0;0.0	h	100.0	0.0	
19267	49869.562	4620.742	h;66.8;33.2	h	66.8	33.2	
19273	49870.109	4621.246	h;100.0;0.0	h	100.0	0.0	
19279	49870.606	4621.771	h;92.4;7.6	h	92.4	7.6	
19285	49871.121	4622.275	h;99.0;1.0	h	99.0	1.0	
19291	49871.685	4622.800	h;100.0;0.0	h	100.0	0.0	
19297	49872.168	4623.284	e;0.0;100.0	e	0.0	100.0	
19303	49872.682	4623.808	e;0.0;100.0	e	0.0	100.0	
19309	49873.181	4624.313	e;30.5;69.5	e	30.5	69.5	
19315	49873.665	4624.817	h;100.0;0.0	h	100.0	0.0	
19321	49874.210	4625.342	h;99.8;0.2	h	99.8	0.2	
19327	49874.664	4625.825	e;24.7;75.3	e	24.7	75.3	
19333	49875.226	4626.351	h;100.0;0.0	h	100.0	0.0	
19339	49875.742	4626.854	e;0.0;100.0	e	0.0	100.0	
19345	49876.238	4627.380	e;0.0;100.0	e	0.0	100.0	
19351	49876.756	4627.884	h;90.5;9.5	h	90.5	9.5	
19357	49877.253	4628.367	h;100.0;0.0	h	100.0	0.0	
19363	49877.768	4628.892	h;98.9;1.1	h	98.9	1.1	
19369	49878.269	4629.397	e;2.1;97.9	e	2.1	97.9	
19375	49878.815	4629.921	e;1.7;98.3	e	1.7	98.3	
19382	49879.312	4630.489	h;100.0;0.0	h	100.0	0.0	
19387	49879.829	4630.908	h;92.5;7.5	h	92.5	7.5	
19393	49880.326	4631.434	h;92.4;7.6	h	92.4	7.6	
19399	49880.764	4631.938	h;92.4;7.6	h	92.4	7.6	
19405	49881.340	4632.463	e;1.9;98.1	e	1.9	98.1	
19411	49881.825	4632.967	h;92.3;7.7	h	92.3	7.7	
19417	49882.354	4633.493	h;92.4;7.6	h	92.4	7.6	
19423	49882.853	4633.975	h;92.4;7.6	h	92.4	7.6	
19429	49883.354	4634.479	e;1.9;98.1	e	1.9	98.1	
19435	49883.853	4635.004	h;93.6;6.4	h	93.6	6.4	
19441	49884.350	4635.509	h;92.6;7.4	h	92.6	7.4	
19447	49884.883	4636.033	h;59.1;40.9	h	59.1	40.9	
19453	49885.382	4636.517	h;100.0;0.0	h	100.0	0.0	
19459	49885.941	4637.062	h;92.7;7.3	h	92.7	7.3	
19465	49886.379	4637.546	h;92.8;7.2	h	92.8	7.2	
19471	49886.863	4638.050	e;0.0;100.0	e	0.0	100.0	
19477	49887.458	4638.575	h;98.7;1.3	h	98.7	1.3	
19483	49887.894	4639.058	e;10.9;89.1	e	10.9	89.1	
19489	49888.438	4639.584	e;0.0;100.0	e	0.0	100.0	
19495	49888.937	4640.087	e;0.0;100.0	e	0.0	100.0	
19502	49889.549	4640.697	h;82.3;17.7	h	82.3	17.7	
19507	49890.000	4641.117	h;94.1;5.9	h	94.1	5.9	
19513	49890.452	4641.600	h;81.5;18.5	h	81.5	18.5	
19519	49891.013	4642.125	e;4.4;95.6	e	4.4	95.6	
19525	49891.496	4642.630	h;58.2;41.8	h	58.2	41.8	
19531	49891.997	4643.154	h;98.7;1.3	h	98.7	1.3	
19537	49892.510	4643.659	h;99.8;0.2	h	99.8	0.2	
19543	49893.026	4644.142	e;4.5;95.5	e	4.5	95.5	
19549	49893.492	4644.667	e;0.8;99.2	e	0.8	99.2	
19555	49893.995	4645.171	e;0.0;100.0	e	0.0	100.0	
19561	49894.522	4645.696	h;100.0;0.0	h	100.0	0.0	
19567	49895.054	4646.200	e;0.0;100.0	e	0.0	100.0	
19573	49895.583	4646.726	e;2.0;98.0	e	2.0	98.0	
19579	49896.066	4647.208	e;14.9;85.1	e	14.9	85.1	
19585	49896.521	4647.713	h;97.8;2.2	h	97.8	2.2	
19591	49897.082	4648.238	h;61.4;38.6	h	61.4	38.6	
19597	49897.581	4648.742	e;0.5;99.5	e	0.5	99.5	
19603	49898.113	4649.267	e;13.0;87.0	e	13.0	87.0	
19609	49898.565	4649.751	e;5.8;94.2	e	5.8	94.2	
19615	49899.125	4650.275	e;4.9;95.1	e	4.9	95.1	
19621	49899.609	4650.780	e;3.7;96.3	e	3.7	96.3	
19628	49900.217	4651.347	e;4.2;95.8	e	4.2	95.8	
19633	49900.670	4651.807	e;4.6;95.4	e	4.6	95.4	
19639	49901.153	4652.291	e;4.5;95.5	e	4.5	95.5	
19645	49901.637	4652.817	h;98.7;1.3	h	98.7	1.3	
19651	49902.183	4653.320	e;3.6;96.4	e	3.6	96.4	
19657	49902.651	4653.803	e;5.2;94.8	e	5.2	94.8	
19663	49903.212	4654.350	e;0.4;99.6	e	0.4	99.6	
19669	49903.665	4654.832	h;89.3;10.7	h	89.3	10.7	
19675	49904.212	4655.358	e;0.0;100.0	e	0.0	100.0	
19681	49904.680	4655.863	h;99.9;0.1	h	99.9	0.1	
19688	49905.333	4656.471	e;7.2;92.8	e	7.2	92.8	
19693	49905.710	4656.892	h;100.0;0.0	h	100.0	0.0	
19699	49906.285	4657.375	h;92.5;7.5	h	92.5	7.5	
19705	49906.722	4657.899	e;0.0;100.0	e	0.0	100.0	
19711	49907.239	4658.404	e;1.5;98.5	e	1.5	98.5	
19717	49907.786	4658.930	h;100.0;0.0	h	100.0	0.0	
19723	49908.314	4659.433	h;100.0;0.0	h	100.0	0.0	
19729	49908.783	4659.959	e;42.3;57.7	e	42.3	57.7	
19735	49909.297	4660.441	e;0.4;99.6	e	0.4	99.6	
19741	49909.766	4660.945	e;4.3;95.7	e	4.3	95.7	
19747	49910.326	4661.471	e;5.0;95.0	e	5.0	95.0	
19753	49910.826	4661.974	e;28.9;71.1	e	28.9	71.1	
19759	49911.324	4662.500	e;0.0;100.0	e	0.0	100.0	
19765	49911.792	4662.984	e;2.7;97.3	e	2.7	97.3	
19771	49912.370	4663.487	h;100.0;0.0	h	100.0	0.0	
19777	49912.871	4664.013	e;2.3;97.7	e	2.3	97.7	
19783	49913.368	4664.517	e;1.0;99.0	e	1.0	99.0	
19789	49913.884	4665.041	e;30.2;69.8	e	30.2	69.8	
19796	49914.460	4665.609	h;100.0;0.0	h	100.0	0.0	
19801	49914.883	4666.051	e;0.0;100.0	e	0.0	100.0	
19807	49915.396	4666.554	h;72.7;27.3	h	72.7	27.3	
19813	49915.943	4667.038	e;3.9;96.1	e	3.9	96.1	
19819	49916.426	4667.584	h;100.0;0.0	h	100.0	0.0	
19825	49916.895	4668.066	h;100.0;0.0	h	100.0	0.0	
19831	49917.456	4668.592	e;0.4;99.6	e	0.4	99.6	
19837	49917.971	4669.095	e;4.8;95.2	e	4.8	95.2	
19843	49918.470	4669.620	h;99.8;0.2	h	99.8	0.2	
19849	49918.969	4670.124	h;100.0;0.0	h	100.0	0.0	
19855	49919.469	4670.608	h;100.0;0.0	h	100.0	0.0	
19861	49920.016	4671.132	e;0.0;100.0	e	0.0	100.0	
19867	49920.453	4671.637	e;3.6;96.4	e	3.6	96.4	
19873	49921.029	4672.162	e;4.6;95.4	e	4.6	95.4	
19879	49921.514	4672.645	e;0.0;100.0	e	0.0	100.0	
19885	49922.011	4673.191	e;5.7;94.3	e	5.7	94.3	
19891	49922.541	4673.674	e;45.6;54.4	e	45.6	54.4	
19897	49923.009	4674.178	h;100.0;0.0	h	100.0	0.0	
19903	49923.524	4674.704	e;0.0;100.0	e	0.0	100.0	
19909	49924.039	4675.186	h;80.0;20.0	h	80.0	20.0	
19915	49924.600	4675.733	e;0.0;100.0	e	0.0	100.0	
19921	49925.069	4676.216	e;0.0;100.0	e	0.0	100.0	
19927	49925.567	4676.720	h;99.9;0.1	h	99.9	0.1	
19933	49926.084	4677.245	h;100.0;0.0	h	100.0	0.0	
19939	49926.535	4677.729	e;0.0;100.0	e	0.0	100.0	
19945	49927.114	4678.274	h;92.5;7.5	h	92.5	7.5	
19951	49927.581	4678.758	e;1.7;98.3	e	1.7	98.3	
19957	49928.096	4679.283	h;92.8;7.2	h	92.8	7.2	
19963	49928.595	4679.787	h;99.6;0.4	h	99.6	0.4	
19969	49929.125	4680.270	h;92.0;8.0	h	92.0	8.0	
19975	49929.640	4680.817	h;92.0;8.0	h	92.0	8.0	
19981	49930.156	4681.299	e;0.0;100.0	e	0.0	100.0	
19987	49930.654	4681.825	e;0.0;100.0	e	0.0	100.0	
19993	49931.202	4682.330	e;35.5;64.5	e	35.5	64.5	
19999	49931.668	4682.854	h;99.6;0.4	h	99.6	0.4	
20005	49932.184	4683.358	e;0.0;100.0	e	0.0	100.0	
20011	49932.715	4683.841	h;99.8;0.2	h	99.8	0.2	
20017	49933.164	4684.366	e;1.2;98.8	e	1.2	98.8	
20023	49933.711	4684.871	h;100.0;0.0	h	100.0	0.0	
20029	49934.257	4685.395	h;91.0;9.0	h	91.0	9.0	
20035	49934.710	4685.900	e;2.8;97.2	e	2.8	97.2	
20041	49935.226	4686.383	h;99.2;0.8	h	99.2	0.8	
20047	49935.739	4686.908	h;88.1;11.9	h	88.1	11.9	
20053	49936.238	4687.411	h;100.0;0.0	h	100.0	0.0	
20059	49936.772	4687.937	h;100.0;0.0	h	100.0	0.0	
20065	49937.253	4688.419	h;98.1;1.9	h	98.1	1.9	
20071	49937.801	4688.966	e;2.6;97.4	e	2.6	97.4	
20077	49938.298	4689.449	h;91.6;8.4	h	91.6	8.4	
20083	49938.831	4689.953	e;1.1;98.9	e	1.1	98.9	
20089	49939.315	4690.478	e;1.1;98.9	e	1.1	98.9	
20095	49939.827	4690.962	h;99.6;0.4	h	99.6	0.4	
20101	49940.326	4691.507	h;92.3;7.7	h	92.3	7.7	
20107	49940.826	4691.991	h;92.4;7.6	h	92.4	7.6	
20108	49940.888	4692.075	1002;level2end;1426096340763;	1002	level2end	1426096340763	
20109	49941.013	4692.159	1003;level3start;1426096340835;	1003	level3start	1426096340835	
20113	49941.359	4692.537	h;92.0;8.0	h	92.0	8.0	
20119	49941.839	4693.020	h;92.3;7.7	h	92.3	7.7	
20125	49942.310	4693.503	h;92.3;7.7	h	92.3	7.7	
20131	49942.900	4694.029	h;92.4;7.6	h	92.4	7.6	
20137	49943.370	4694.532	h;90.9;9.1	h	90.9	9.1	
20143	49943.869	4695.058	h;90.0;10.0	h	90.0	10.0	
20149	49944.414	4695.562	h;91.7;8.3	h	91.7	8.3	
20155	49944.912	4696.045	e;1.0;99.0	e	1.0	99.0	
20161	49945.415	4696.570	e;21.1;78.9	e	21.1	78.9	
20167	49945.895	4697.074	h;81.7;18.3	h	81.7	18.3	
20173	49946.412	4697.599	e;13.5;86.5	e	13.5	86.5	
20179	49946.976	4698.104	h;92.6;7.4	h	92.6	7.4	
20191	49947.955	4699.112	e;5.0;95.0	e	5.0	95.0	
20197	49948.472	4699.616	h;90.7;9.3	h	90.7	9.3	
20203	49949.000	4700.141	h;92.6;7.4	h	92.6	7.4	
20209	49949.502	4700.645	h;99.7;0.3	h	99.7	0.3	
20215	49950.001	4701.171	h;99.5;0.5	h	99.5	0.5	
20221	49950.514	4701.653	e;2.0;98.0	e	2.0	98.0	
20227	49951.015	4702.200	e;1.8;98.2	e	1.8	98.2	
20233	49951.494	4702.683	e;6.8;93.2	e	6.8	93.2	
20239	49951.993	4703.187	h;92.3;7.7	h	92.3	7.7	
20245	49952.526	4703.712	e;0.0;100.0	e	0.0	100.0	
20251	49953.009	4704.195	h;99.8;0.2	h	99.8	0.2	
20257	49953.573	4704.740	h;100.0;0.0	h	100.0	0.0	
20263	49954.023	4705.224	e;0.0;100.0	e	0.0	100.0	
20269	49954.569	4705.770	h;72.4;27.6	h	72.4	27.6	
20275	49955.086	4706.253	e;0.0;100.0	e	0.0	100.0	
20281	49955.555	4706.736	h;93.5;6.5	h	93.5	6.5	
20287	49956.101	4707.262	h;94.0;6.0	h	94.0	6.0	
20293	49956.599	4707.765	e;0.5;99.5	e	0.5	99.5	
20299	49957.116	4708.312	h;92.4;7.6	h	92.4	7.6	
20305	49957.612	4708.795	h;78.3;21.7	h	78.3	21.7	
20311	49958.145	4709.278	h;79.3;20.7	h	79.3	20.7	
20317	49958.659	4709.803	h;91.8;8.2	h	91.8	8.2	
20323	49959.127	4710.308	e;2.2;97.8	e	2.2	97.8	
20329	49959.640	4710.832	h;76.1;23.9	h	76.1	23.9	
20335	49960.203	4711.337	h;98.3;1.7	h	98.3	1.7	
20341	49960.687	4711.861	h;93.1;6.9	h	93.1	6.9	
20347	49961.172	4712.345	h;100.0;0.0	h	100.0	0.0	
20353	49961.652	4712.849	h;86.2;13.8	h	86.2	13.8	
20359	49962.198	4713.374	h;100.0;0.0	h	100.0	0.0	
20365	49962.715	4713.878	h;97.9;2.1	h	97.9	2.1	
20371	49963.212	4714.404	e;0.0;100.0	e	0.0	100.0	
20377	49963.758	4714.886	e;3.0;97.0	e	3.0	97.0	
20383	49964.242	4715.433	h;93.0;7.0	h	93.0	7.0	
20389	49964.725	4715.916	e;0.3;99.7	e	0.3	99.7	
20395	49965.228	4716.420	h;100.0;0.0	h	100.0	0.0	
20401	49965.772	4716.945	h;100.0;0.0	h	100.0	0.0	
20407	49966.256	4717.429	e;47.0;53.0	e	47.0	53.0	
20413	49966.833	4717.974	e;42.7;57.3	e	42.7	57.3	
20419	49967.303	4718.458	e;4.3;95.7	e	4.3	95.7	
20425	49967.833	4718.962	h;93.3;6.7	h	93.3	6.7	
20431	49968.315	4719.487	h;79.8;20.2	h	79.8	20.2	
20437	49968.784	4719.970	e;0.0;100.0	e	0.0	100.0	
20443	49969.315	4720.495	e;4.4;95.6	e	4.4	95.6	
20449	49969.828	4720.999	e;4.9;95.1	e	4.9	95.1	
20455	49970.359	4721.545	h;99.4;0.6	h	99.4	0.6	
20461	49970.843	4722.028	h;100.0;0.0	h	100.0	0.0	
20467	49971.389	4722.510	e;0.3;99.7	e	0.3	99.7	
20473	49971.841	4723.036	e;4.4;95.6	e	4.4	95.6	
20479	49972.387	4723.541	e;4.4;95.6	e	4.4	95.6	
20485	49972.871	4724.086	e;9.3;90.7	e	9.3	90.7	
20491	49973.417	4724.570	e;0.0;100.0	e	0.0	100.0	
20497	49973.948	4725.095	e;4.3;95.7	e	4.3	95.7	
20503	49974.429	4725.577	e;4.5;95.5	e	4.5	95.5	
20509	49974.898	4726.082	e;0.4;99.6	e	0.4	99.6	
20515	49975.428	4726.606	h;99.9;0.1	h	99.9	0.1	
20521	49975.911	4727.111	h;57.4;42.6	h	57.4	42.6	
20527	49976.441	4727.637	h;99.9;0.1	h	99.9	0.1	
20533	49976.928	4728.119	h;100.0;0.0	h	100.0	0.0	
20539	49977.488	4728.623	h;100.0;0.0	h	100.0	0.0	
20545	49977.987	4729.149	h;97.4;2.6	h	97.4	2.6	
20551	49978.470	4729.652	e;25.9;74.1	e	25.9	74.1	
20557	49979.048	4730.178	h;99.7;0.3	h	99.7	0.3	
20563	49979.500	4730.662	e;0.0;100.0	e	0.0	100.0	
20569	49980.063	4731.207	e;4.8;95.2	e	4.8	95.2	
20575	49980.498	4731.691	e;4.5;95.5	e	4.5	95.5	
20581	49981.030	4732.195	e;4.3;95.7	e	4.3	95.7	
20588	49981.637	4732.804	e;0.0;100.0	e	0.0	100.0	
20593	49982.046	4733.203	h;99.7;0.3	h	99.7	0.3	
20599	49982.606	4733.750	e;0.0;100.0	e	0.0	100.0	
20605	49983.058	4734.232	e;1.6;98.4	e	1.6	98.4	
20612	49983.636	4734.842	h;93.7;6.3	h	93.7	6.3	
20617	49984.073	4735.261	h;54.3;45.7	h	54.3	45.7	
20623	49984.570	4735.744	h;100.0;0.0	h	100.0	0.0	
20629	49985.069	4736.270	e;0.0;100.0	e	0.0	100.0	
20635	49985.601	4736.773	h;91.7;8.3	h	91.7	8.3	
20641	49986.161	4737.299	h;97.7;2.3	h	97.7	2.3	
20647	49986.631	4737.804	e;0.6;99.4	e	0.6	99.4	
20653	49987.176	4738.328	e;0.0;100.0	e	0.0	100.0	
20659	49987.646	4738.812	e;6.8;93.2	e	6.8	93.2	
20665	49988.127	4739.315	h;87.8;12.2	h	87.8	12.2	
20671	49988.691	4739.840	e;4.2;95.8	e	4.2	95.8	
20677	49989.188	4740.344	e;4.3;95.7	e	4.3	95.7	
20683	49989.720	4740.869	e;4.4;95.6	e	4.4	95.6	
20689	49990.186	4741.352	e;4.0;96.0	e	4.0	96.0	
20695	49990.719	4741.856	e;4.3;95.7	e	4.3	95.7	
20701	49991.231	4742.382	e;4.3;95.7	e	4.3	95.7	
20707	49991.733	4742.885	h;100.0;0.0	h	100.0	0.0	
20713	49992.245	4743.411	h;100.0;0.0	h	100.0	0.0	
20719	49992.747	4743.894	e;35.3;64.7	e	35.3	64.7	
20725	49993.292	4744.440	h;99.5;0.5	h	99.5	0.5	
20731	49993.790	4744.923	h;93.2;6.8	h	93.2	6.8	
20737	49994.244	4745.428	h;98.8;1.2	h	98.8	1.2	
20743	49994.788	4745.952	h;93.4;6.6	h	93.4	6.6	
20749	49995.289	4746.436	h;92.3;7.7	h	92.3	7.7	
20755	49995.788	4746.982	h;92.8;7.2	h	92.8	7.2	
20761	49996.302	4747.465	h;92.2;7.8	h	92.2	7.8	
20768	49996.866	4748.075	h;96.6;3.4	h	96.6	3.4	
20773	49997.303	4748.495	h;96.9;3.1	h	96.9	3.1	
20779	49997.815	4748.977	e;0.0;100.0	e	0.0	100.0	
20785	49998.331	4749.524	e;0.0;100.0	e	0.0	100.0	
20791	49998.830	4750.006	h;98.6;1.4	h	98.6	1.4	
20797	49999.391	4750.553	e;5.6;94.4	e	5.6	94.4	
20803	49999.892	4751.036	e;24.0;76.0	e	24.0	76.0	
20809	50000.376	4751.519	e;4.4;95.6	e	4.4	95.6	
20815	50000.890	4752.044	e;4.4;95.6	e	4.4	95.6	
20821	50001.389	4752.549	e;4.2;95.8	e	4.2	95.8	
20827	50001.904	4753.073	e;0.0;100.0	e	0.0	100.0	
20833	50002.419	4753.578	e;4.5;95.5	e	4.5	95.5	
20839	50002.932	4754.104	h;99.6;0.4	h	99.6	0.4	
20845	50003.416	4754.586	h;100.0;0.0	h	100.0	0.0	
20851	50003.948	4755.090	h;92.4;7.6	h	92.4	7.6	
20857	50004.463	4755.616	e;0.0;100.0	e	0.0	100.0	
20863	50004.944	4756.119	e;1.2;98.8	e	1.2	98.8	
20869	50005.507	4756.644	h;99.3;0.7	h	99.3	0.7	
20875	50005.960	4757.127	h;100.0;0.0	h	100.0	0.0	
20882	50006.582	4757.736	e;0.0;100.0	e	0.0	100.0	
20887	50006.943	4758.156	h;96.7;3.3	h	96.7	3.3	
20893	50007.472	4758.661	h;100.0;0.0	h	100.0	0.0	
20899	50008.018	4759.185	h;73.3;26.7	h	73.3	26.7	
20905	50008.471	4759.669	e;0.9;99.1	e	0.9	99.1	
20911	50009.034	4760.215	h;99.6;0.4	h	99.6	0.4	
20917	50009.531	4760.698	e;4.6;95.4	e	4.6	95.4	
20923	50010.033	4761.181	h;99.9;0.1	h	99.9	0.1	
20929	50010.532	4761.728	e;0.0;100.0	e	0.0	100.0	
20936	50011.092	4762.294	h;99.9;0.1	h	99.9	0.1	
20941	50011.559	4762.757	h;83.7;16.3	h	83.7	16.3	
20947	50012.046	4763.240	h;99.2;0.8	h	99.2	0.8	
20953	50012.560	4763.765	e;0.0;100.0	e	0.0	100.0	
20959	50013.121	4764.269	h;71.9;28.1	h	71.9	28.1	
20965	50013.588	4764.752	h;99.7;0.3	h	99.7	0.3	
20971	50014.150	4765.298	h;99.6;0.4	h	99.6	0.4	
20977	50014.603	4765.782	e;1.4;98.6	e	1.4	98.6	
20983	50015.166	4766.306	h;99.2;0.8	h	99.2	0.8	
20989	50015.646	4766.811	h;100.0;0.0	h	100.0	0.0	
20995	50016.147	4767.336	h;100.0;0.0	h	100.0	0.0	
21001	50016.615	4767.819	h;100.0;0.0	h	100.0	0.0	
21007	50017.147	4768.323	e;0.0;100.0	e	0.0	100.0	
21013	50017.675	4768.849	h;96.7;3.3	h	96.7	3.3	
21019	50018.190	4769.352	e;0.0;100.0	e	0.0	100.0	
21025	50018.738	4769.878	h;100.0;0.0	h	100.0	0.0	
21031	50019.175	4770.361	e;0.0;100.0	e	0.0	100.0	
21038	50019.829	4770.970	e;0.0;100.0	e	0.0	100.0	
21043	50020.187	4771.390	e;29.0;71.0	e	29.0	71.0	
21049	50020.687	4771.895	e;45.3;54.7	e	45.3	54.7	
21055	50021.248	4772.419	h;100.0;0.0	h	100.0	0.0	
21061	50021.718	4772.903	e;0.0;100.0	e	0.0	100.0	
21067	50022.293	4773.448	h;100.0;0.0	h	100.0	0.0	
21073	50022.778	4773.932	h;91.8;8.2	h	91.8	8.2	
21079	50023.277	4774.414	e;0.0;100.0	e	0.0	100.0	
21085	50023.761	4774.961	h;100.0;0.0	h	100.0	0.0	
21091	50024.307	4775.443	h;98.9;1.1	h	98.9	1.1	
21097	50024.791	4775.990	h;92.4;7.6	h	92.4	7.6	
21103	50025.305	4776.473	h;92.0;8.0	h	92.0	8.0	
21109	50025.850	4777.019	h;91.1;8.9	h	91.1	8.9	
21115	50026.303	4777.502	h;83.6;16.4	h	83.6	16.4	
21121	50026.788	4777.986	e;12.5;87.5	e	12.5	87.5	
21127	50027.363	4778.531	e;2.7;97.3	e	2.7	97.3	
21133	50027.831	4779.015	e;18.1;81.9	e	18.1	81.9	
21139	50028.393	4779.539	h;100.0;0.0	h	100.0	0.0	
21145	50028.847	4780.023	h;100.0;0.0	h	100.0	0.0	
21151	50029.408	4780.569	h;99.7;0.3	h	99.7	0.3	
21157	50029.922	4781.073	e;0.0;100.0	e	0.0	100.0	
21163	50030.343	4781.556	h;82.6;17.4	h	82.6	17.4	
21169	50030.920	4782.082	e;2.2;97.8	e	2.2	97.8	
21175	50031.388	4782.564	h;91.1;8.9	h	91.1	8.9	
21181	50031.950	4783.111	h;92.2;7.8	h	92.2	7.8	
21188	50032.512	4783.678	h;92.0;8.0	h	92.0	8.0	
21193	50032.932	4784.098	h;92.0;8.0	h	92.0	8.0	
21199	50033.433	4784.623	h;100.0;0.0	h	100.0	0.0	
21205	50033.962	4785.107	e;0.0;100.0	e	0.0	100.0	
21211	50034.477	4785.652	e;0.5;99.5	e	0.5	99.5	
21217	50034.976	4786.136	h;99.9;0.1	h	99.9	0.1	
21223	50035.522	4786.682	h;50.0;50.0	h	50.0	50.0	
21229	50035.943	4787.165	h;100.0;0.0	h	100.0	0.0	
21235	50036.536	4787.648	e;0.0;100.0	e	0.0	100.0	
21241	50037.036	4788.194	e;9.5;90.5	e	9.5	90.5	
21247	50037.522	4788.677	h;99.8;0.2	h	99.8	0.2	
21253	50038.036	4789.224	h;80.6;19.4	h	80.6	19.4	
21259	50038.533	4789.706	e;0.0;100.0	e	0.0	100.0	
21265	50039.080	4790.232	h;100.0;0.0	h	100.0	0.0	
21271	50039.547	4790.736	h;100.0;0.0	h	100.0	0.0	
21277	50040.078	4791.219	e;0.0;100.0	e	0.0	100.0	
21283	50040.561	4791.764	e;8.8;91.2	e	8.8	91.2	
21289	50041.062	4792.248	e;0.6;99.4	e	0.6	99.4	
21295	50041.608	4792.772	h;100.0;0.0	h	100.0	0.0	
21301	50042.075	4793.276	h;99.8;0.2	h	99.8	0.2	
21307	50042.606	4793.760	h;65.1;34.9	h	65.1	34.9	
21313	50043.104	4794.305	h;83.1;16.9	h	83.1	16.9	
21319	50043.574	4794.789	e;0.0;100.0	e	0.0	100.0	
21325	50044.149	4795.315	e;0.0;100.0	e	0.0	100.0	
21331	50044.648	4795.797	e;4.4;95.6	e	4.4	95.6	
21337	50045.147	4796.344	h;97.1;2.9	h	97.1	2.9	
21343	50045.693	4796.848	h;97.0;3.0	h	97.0	3.0	
21349	50046.161	4797.330	e;0.8;99.2	e	0.8	99.2	
21355	50046.676	4797.856	e;4.4;95.6	e	4.4	95.6	
21361	50047.161	4798.340	h;72.9;27.1	h	72.9	27.1	
21367	50047.740	4798.885	e;4.4;95.6	e	4.4	95.6	
21373	50048.175	4799.369	e;0.0;100.0	e	0.0	100.0	
21379	50048.736	4799.915	e;2.4;97.6	e	2.4	97.6	
21385	50049.235	4800.397	h;65.1;34.9	h	65.1	34.9	
21391	50049.656	4800.881	h;99.2;0.8	h	99.2	0.8	
21397	50050.265	4801.428	h;99.6;0.4	h	99.6	0.4	
21403	50050.705	4801.910	h;100.0;0.0	h	100.0	0.0	
21409	50051.279	4802.457	e;14.3;85.7	e	14.3	85.7	
21415	50051.762	4802.939	h;92.3;7.7	h	92.3	7.7	
21421	50052.293	4803.465	h;92.8;7.2	h	92.8	7.2	
21427	50052.810	4803.969	h;100.0;0.0	h	100.0	0.0	
21433	50053.291	4804.451	e;29.0;71.0	e	29.0	71.0	
21439	50053.758	4804.998	h;71.3;28.7	h	71.3	28.7	
21445	50054.290	4805.482	h;92.5;7.5	h	92.5	7.5	
21451	50054.838	4806.006	h;92.5;7.5	h	92.5	7.5	
21458	50055.413	4806.574	h;92.3;7.7	h	92.3	7.7	
21463	50055.883	4806.994	e;1.6;98.4	e	1.6	98.4	
21469	50056.380	4807.539	h;99.4;0.6	h	99.4	0.6	
21476	50056.942	4808.107	h;99.8;0.2	h	99.8	0.2	
21481	50057.395	4808.549	e;25.5;74.5	e	25.5	74.5	
21487	50057.848	4809.051	e;4.7;95.3	e	4.7	95.3	
21493	50058.411	4809.576	e;4.4;95.6	e	4.4	95.6	
21499	50058.862	4810.060	e;19.9;80.1	e	19.9	80.1	
21505	50059.345	4810.563	e;13.0;87.0	e	13.0	87.0	
21511	50059.908	4811.089	h;89.7;10.3	h	89.7	10.3	
21517	50060.439	4811.572	h;92.7;7.3	h	92.7	7.3	
21523	50060.952	4812.118	h;92.6;7.4	h	92.6	7.4	
21530	50061.484	4812.685	h;92.7;7.3	h	92.7	7.3	
21535	50061.996	4813.148	h;92.8;7.2	h	92.8	7.2	
21541	50062.420	4813.630	h;92.7;7.3	h	92.7	7.3	
21547	50062.917	4814.114	h;92.7;7.3	h	92.7	7.3	
21553	50063.478	4814.660	h;92.8;7.2	h	92.8	7.2	
21559	50063.916	4815.143	h;92.8;7.2	h	92.8	7.2	
21565	50064.508	4815.689	h;67.8;32.2	h	67.8	32.2	
21571	50065.008	4816.173	e;17.6;82.4	e	17.6	82.4	
21577	50065.506	4816.655	e;0.0;100.0	e	0.0	100.0	
21583	50066.005	4817.202	e;0.0;100.0	e	0.0	100.0	
21589	50066.505	4817.684	h;85.4;14.6	h	85.4	14.6	
21596	50067.067	4818.294	e;0.0;100.0	e	0.0	100.0	
21601	50067.504	4818.714	e;0.0;100.0	e	0.0	100.0	
21607	50068.050	4819.239	e;0.0;100.0	e	0.0	100.0	
21613	50068.519	4819.743	e;0.0;100.0	e	0.0	100.0	
21619	50069.083	4820.227	h;100.0;0.0	h	100.0	0.0	
21625	50069.579	4820.772	e;18.5;81.5	e	18.5	81.5	
21631	50070.063	4821.256	h;94.2;5.8	h	94.2	5.8	
21637	50070.577	4821.781	e;0.0;100.0	e	0.0	100.0	
21643	50071.092	4822.285	e;40.8;59.2	e	40.8	59.2	
21649	50071.639	4822.810	h;88.9;11.1	h	88.9	11.1	
21655	50072.139	4823.315	h;92.7;7.3	h	92.7	7.3	
21661	50072.590	4823.797	h;93.4;6.6	h	93.4	6.6	
21667	50073.151	4824.323	e;18.6;81.4	e	18.6	81.4	
21673	50073.650	4824.805	e;7.5;92.5	e	7.5	92.5	
21679	50074.149	4825.352	h;99.6;0.4	h	99.6	0.4	
21685	50074.649	4825.856	e;0.0;100.0	e	0.0	100.0	
21691	50075.194	4826.339	e;4.3;95.7	e	4.3	95.7	
21697	50075.694	4826.863	e;4.3;95.7	e	4.3	95.7	
21703	50076.193	4827.347	e;5.6;94.4	e	5.6	94.4	
21709	50076.723	4827.893	e;3.8;96.2	e	3.8	96.2	
21715	50077.208	4828.376	e;4.3;95.7	e	4.3	95.7	
21721	50077.723	4828.922	e;4.0;96.0	e	4.0	96.0	
21727	50078.255	4829.406	h;63.9;36.1	h	63.9	36.1	
21733	50078.736	4829.888	e;0.5;99.5	e	0.5	99.5	
21739	50079.238	4830.435	h;100.0;0.0	h	100.0	0.0	
21745	50079.737	4830.917	e;6.9;93.1	e	6.9	93.1	
21751	50080.297	4831.443	e;0.0;100.0	e	0.0	100.0	
21757	50080.751	4831.947	e;0.0;100.0	e	0.0	100.0	
21763	50081.312	4832.472	e;4.4;95.6	e	4.4	95.6	
21769	50081.780	4832.976	h;58.0;42.0	h	58.0	42.0	
21775	50082.229	4833.460	h;99.1;0.9	h	99.1	0.9	
21781	50082.811	4834.005	h;100.0;0.0	h	100.0	0.0	
21787	50083.276	4834.489	h;100.0;0.0	h	100.0	0.0	
21793	50083.824	4835.014	h;97.7;2.3	h	97.7	2.3	
21799	50084.293	4835.518	e;4.7;95.3	e	4.7	95.3	
21805	50084.851	4836.043	e;4.4;95.6	e	4.4	95.6	
21811	50085.367	4836.548	e;5.1;94.9	e	5.1	94.9	
21817	50085.881	4837.030	e;4.5;95.5	e	4.5	95.5	
21823	50086.351	4837.556	e;4.9;95.1	e	4.9	95.1	
21829	50086.882	4838.060	e;30.2;69.8	e	30.2	69.8	
21835	50087.379	4838.585	e;1.1;98.9	e	1.1	98.9	
21841	50087.847	4839.068	e;0.0;100.0	e	0.0	100.0	
21847	50088.394	4839.573	h;62.1;37.9	h	62.1	37.9	
21853	50088.910	4840.097	h;100.0;0.0	h	100.0	0.0	
21860	50089.487	4840.665	e;2.9;97.1	e	2.9	97.1	
21865	50089.954	4841.126	h;91.4;8.6	h	91.4	8.6	
21871	50090.423	4841.610	e;0.8;99.2	e	0.8	99.2	
21877	50090.967	4842.156	h;98.2;1.8	h	98.2	1.8	
21883	50091.437	4842.639	h;100.0;0.0	h	100.0	0.0	
21889	50091.937	4843.122	e;0.0;100.0	e	0.0	100.0	
21895	50092.481	4843.669	e;6.6;93.4	e	6.6	93.4	
21901	50092.951	4844.151	h;93.7;6.3	h	93.7	6.3	
21907	50093.510	4844.676	e;10.4;89.6	e	10.4	89.6	
21913	50094.027	4845.180	e;4.3;95.7	e	4.3	95.7	
21919	50094.540	4845.705	h;98.4;1.6	h	98.4	1.6	
21925	50095.007	4846.209	e;0.0;100.0	e	0.0	100.0	
21931	50095.522	4846.693	h;100.0;0.0	h	100.0	0.0	
21937	50096.023	4847.238	e;4.8;95.2	e	4.8	95.2	
21943	50096.521	4847.722	e;4.9;95.1	e	4.9	95.1	
21949	50097.069	4848.247	e;33.9;66.1	e	33.9	66.1	
21955	50097.537	4848.751	h;95.1;4.9	h	95.1	4.9	
21961	50098.113	4849.234	h;79.5;20.5	h	79.5	20.5	
21967	50098.598	4849.760	h;100.0;0.0	h	100.0	0.0	
21973	50099.051	4850.263	h;100.0;0.0	h	100.0	0.0	
21979	50099.611	4850.789	h;99.9;0.1	h	99.9	0.1	
21985	50100.078	4851.293	h;95.9;4.1	h	95.9	4.1	
21991	50100.643	4851.818	h;92.3;7.7	h	92.3	7.7	
21997	50101.123	4852.301	h;89.3;10.7	h	89.3	10.7	
22003	50101.657	4852.806	e;0.5;99.5	e	0.5	99.5	
22009	50102.106	4853.330	e;0.0;100.0	e	0.0	100.0	
22015	50102.669	4853.835	h;97.3;2.7	h	97.3	2.7	
22021	50103.167	4854.359	h;98.8;1.2	h	98.8	1.2	
22027	50103.652	4854.843	h;99.8;0.2	h	99.8	0.2	
22033	50104.198	4855.389	e;3.7;96.3	e	3.7	96.3	
22039	50104.699	4855.872	e;4.4;95.6	e	4.4	95.6	
22045	50105.179	4856.355	e;4.3;95.7	e	4.3	95.7	
22051	50105.710	4856.902	e;4.7;95.3	e	4.7	95.3	
22057	50106.193	4857.384	e;4.1;95.9	e	4.1	95.9	
22063	50106.726	4857.931	e;4.4;95.6	e	4.4	95.6	
22069	50107.241	4858.414	e;4.2;95.8	e	4.2	95.8	
22075	50107.740	4858.897	h;100.0;0.0	h	100.0	0.0	
22081	50108.240	4859.443	h;100.0;0.0	h	100.0	0.0	
22087	50108.753	4859.927	h;91.7;8.3	h	91.7	8.3	
22093	50109.283	4860.451	h;92.4;7.6	h	92.4	7.6	
22099	50109.769	4860.956	h;92.2;7.8	h	92.2	7.8	
22105	50110.265	4861.480	h;93.2;6.8	h	93.2	6.8	
22111	50110.782	4861.983	h;93.9;6.1	h	93.9	6.1	
22117	50111.342	4862.467	h;91.6;8.4	h	91.6	8.4	
22123	50111.796	4862.993	h;92.1;7.9	h	92.1	7.9	
22129	50112.325	4863.496	h;93.1;6.9	h	93.1	6.9	
22135	50112.809	4864.021	h;50.7;49.3	h	50.7	49.3	
22141	50113.289	4864.526	e;1.1;98.9	e	1.1	98.9	
22147	50113.870	4865.050	h;98.7;1.3	h	98.7	1.3	
22153	50114.352	4865.534	h;59.5;40.5	h	59.5	40.5	
22159	50114.822	4866.039	h;96.9;3.1	h	96.9	3.1	
22165	50115.368	4866.563	e;0.0;100.0	e	0.0	100.0	
22171	50115.867	4867.068	e;1.4;98.6	e	1.4	98.6	
22178	50116.428	4867.676	e;13.5;86.5	e	13.5	86.5	
22183	50116.914	4868.075	e;4.8;95.2	e	4.8	95.2	
22189	50117.459	4868.601	e;6.2;93.8	e	6.2	93.8	
22195	50117.942	4869.104	e;3.9;96.1	e	3.9	96.1	
22201	50118.441	4869.609	e;4.2;95.8	e	4.2	95.8	
22207	50118.926	4870.135	e;3.3;96.7	e	3.3	96.7	
22213	50119.424	4870.617	e;0.0;100.0	e	0.0	100.0	
22219	50119.969	4871.142	e;2.4;97.6	e	2.4	97.6	
22225	50120.454	4871.647	e;5.2;94.8	e	5.2	94.8	
22231	50120.967	4872.129	e;0.0;100.0	e	0.0	100.0	
22237	50121.513	4872.676	e;0.0;100.0	e	0.0	100.0	
22243	50121.982	4873.160	e;0.0;100.0	e	0.0	100.0	
22249	50122.530	4873.684	h;100.0;0.0	h	100.0	0.0	
22256	50123.106	4874.252	h;100.0;0.0	h	100.0	0.0	
22261	50123.512	4874.714	h;100.0;0.0	h	100.0	0.0	
22267	50123.994	4875.217	h;99.2;0.8	h	99.2	0.8	
22273	50124.479	4875.701	h;72.7;27.3	h	72.7	27.3	
22279	50124.994	4876.227	e;17.5;82.5	e	17.5	82.5	
22285	50125.522	4876.730	e;0.0;100.0	e	0.0	100.0	
22292	50126.163	4877.340	h;89.0;11.0	h	89.0	11.0	
22297	50126.554	4877.759	e;0.0;100.0	e	0.0	100.0	
22304	50127.116	4878.369	e;35.5;64.5	e	35.5	64.5	
22310	50127.616	4878.852	e;0.0;100.0	e	0.0	100.0	
22315	50128.082	4879.271	e;0.5;99.5	e	0.5	99.5	
22321	50128.630	4879.796	h;95.9;4.1	h	95.9	4.1	
22327	50129.128	4880.300	e;6.6;93.4	e	6.6	93.4	
22333	50129.597	4880.826	h;100.0;0.0	h	100.0	0.0	
22339	50130.111	4881.308	h;58.2;41.8	h	58.2	41.8	
22345	50130.611	4881.813	e;0.4;99.6	e	0.4	99.6	
22351	50131.139	4882.338	e;15.1;84.9	e	15.1	84.9	
22357	50131.638	4882.821	h;63.0;37.0	h	63.0	37.0	
22363	50132.153	4883.367	h;62.0;38.0	h	62.0	38.0	
22369	50132.654	4883.850	h;92.4;7.6	h	92.4	7.6	
22375	50133.185	4884.375	e;1.9;98.1	e	1.9	98.1	
22381	50133.697	4884.880	e;0.0;100.0	e	0.0	100.0	
22387	50134.212	4885.362	e;26.0;74.0	e	26.0	74.0	
22393	50134.699	4885.909	h;100.0;0.0	h	100.0	0.0	
22399	50135.167	4886.392	h;99.9;0.1	h	99.9	0.1	
22405	50135.725	4886.917	e;0.0;100.0	e	0.0	100.0	
22411	50136.241	4887.421	e;0.7;99.3	e	0.7	99.3	
22417	50136.739	4887.947	e;4.6;95.4	e	4.6	95.4	
22423	50137.239	4888.450	e;4.3;95.7	e	4.3	95.7	
22429	50137.755	4888.934	e;3.7;96.3	e	3.7	96.3	
22435	50138.287	4889.459	e;0.0;100.0	e	0.0	100.0	
22441	50138.768	4889.963	e;0.0;100.0	e	0.0	100.0	
22447	50139.266	4890.488	e;4.2;95.8	e	4.2	95.8	
22454	50139.830	4891.056	h;73.9;26.1	h	73.9	26.1	
22459	50140.312	4891.475	e;5.1;94.9	e	5.1	94.9	
22465	50140.780	4892.001	e;0.0;100.0	e	0.0	100.0	
22471	50141.280	4892.504	e;5.7;94.3	e	5.7	94.3	
22477	50141.840	4893.030	e;12.8;87.2	e	12.8	87.2	
22483	50142.277	4893.513	h;100.0;0.0	h	100.0	0.0	
22489	50142.856	4894.059	h;100.0;0.0	h	100.0	0.0	
22496	50143.433	4894.626	e;1.7;98.3	e	1.7	98.3	
22501	50143.870	4895.047	e;1.5;98.5	e	1.5	98.5	
22507	50144.353	4895.571	h;94.4;5.6	h	94.4	5.6	
22513	50144.835	4896.055	h;100.0;0.0	h	100.0	0.0	
22519	50145.399	4896.600	h;100.0;0.0	h	100.0	0.0	
22525	50145.898	4897.084	h;100.0;0.0	h	100.0	0.0	
22531	50146.428	4897.608	e;0.0;100.0	e	0.0	100.0	
22537	50146.927	4898.113	e;4.5;95.5	e	4.5	95.5	
22543	50147.410	4898.595	e;4.2;95.8	e	4.2	95.8	
22549	50147.958	4899.142	e;7.1;92.9	e	7.1	92.9	
22555	50148.441	4899.625	e;4.5;95.5	e	4.5	95.5	
22561	50148.985	4900.150	e;4.8;95.2	e	4.8	95.2	
22567	50149.455	4900.654	e;4.4;95.6	e	4.4	95.6	
22573	50149.953	4901.180	e;4.4;95.6	e	4.4	95.6	
22579	50150.484	4901.683	e;4.1;95.9	e	4.1	95.9	
22585	50150.968	4902.167	e;4.2;95.8	e	4.2	95.8	
22591	50151.497	4902.692	e;0.0;100.0	e	0.0	100.0	
22597	50151.995	4903.196	e;4.8;95.2	e	4.8	95.2	
22603	50152.497	4903.721	e;4.8;95.2	e	4.8	95.2	
22609	50153.009	4904.226	h;100.0;0.0	h	100.0	0.0	
22615	50153.508	4904.708	h;100.0;0.0	h	100.0	0.0	
22621	50154.011	4905.234	h;100.0;0.0	h	100.0	0.0	
22628	50154.571	4905.801	e;0.0;100.0	e	0.0	100.0	
22633	50155.068	4906.263	e;0.0;100.0	e	0.0	100.0	
22645	50156.083	4907.292	h;100.0;0.0	h	100.0	0.0	
22651	50156.567	4907.775	e;1.3;98.7	e	1.3	98.7	
22657	50157.098	4908.280	e;0.0;100.0	e	0.0	100.0	
22663	50157.613	4908.804	h;65.9;34.1	h	65.9	34.1	
22670	50158.189	4909.372	h;99.7;0.3	h	99.7	0.3	
22675	50158.612	4909.813	h;92.1;7.9	h	92.1	7.9	
22681	50159.124	4910.317	h;100.0;0.0	h	100.0	0.0	
22687	50159.657	4910.842	h;99.5;0.5	h	99.5	0.5	
22693	50160.155	4911.347	h;99.7;0.3	h	99.7	0.3	
22699	50160.606	4911.829	h;68.9;31.1	h	68.9	31.1	
22705	50161.185	4912.376	e;2.8;97.2	e	2.8	97.2	
22711	50161.668	4912.859	h;91.7;8.3	h	91.7	8.3	
22717	50162.152	4913.384	h;91.9;8.1	h	91.9	8.1	
22723	50162.666	4913.888	h;91.6;8.4	h	91.6	8.4	
22729	50163.180	4914.371	h;91.8;8.2	h	91.8	8.2	
22735	50163.710	4914.916	h;91.7;8.3	h	91.7	8.3	
22741	50164.211	4915.400	h;91.7;8.3	h	91.7	8.3	
22747	50164.710	4915.925	h;91.5;8.5	h	91.5	8.5	
22753	50165.209	4916.429	h;90.4;9.6	h	90.4	9.6	
22759	50165.723	4916.954	e;21.4;78.6	e	21.4	78.6	
22765	50166.239	4917.459	e;39.3;60.7	e	39.3	60.7	
22771	50166.770	4917.941	h;93.4;6.6	h	93.4	6.6	
22777	50167.251	4918.467	h;100.0;0.0	h	100.0	0.0	
22784	50167.814	4919.034	h;100.0;0.0	h	100.0	0.0	
22789	50168.296	4919.496	h;56.2;43.8	h	56.2	43.8	
22795	50168.796	4920.000	h;100.0;0.0	h	100.0	0.0	
22801	50169.279	4920.525	e;0.3;99.7	e	0.3	99.7	
22807	50169.778	4921.008	h;82.9;17.1	h	82.9	17.1	
22813	50170.312	4921.513	e;32.7;67.3	e	32.7	67.3	
22819	50170.841	4922.037	h;66.7;33.3	h	66.7	33.3	
22825	50171.293	4922.521	h;86.8;13.2	h	86.8	13.2	
22831	50171.853	4923.067	h;99.6;0.4	h	99.6	0.4	
22837	50172.370	4923.550	h;88.6;11.4	h	88.6	11.4	
22843	50172.884	4924.054	h;90.3;9.7	h	90.3	9.7	
22849	50173.366	4924.580	h;91.4;8.6	h	91.4	8.6	
22855	50173.867	4925.062	h;90.0;10.0	h	90.0	10.0	
22861	50174.413	4925.609	h;100.0;0.0	h	100.0	0.0	
22867	50174.881	4926.092	h;79.9;20.1	h	79.9	20.1	
22873	50175.427	4926.617	h;89.5;10.5	h	89.5	10.5	
22879	50175.894	4927.121	h;90.9;9.1	h	90.9	9.1	
22885	50176.439	4927.605	h;76.4;23.6	h	76.4	23.6	
22891	50176.940	4928.129	h;100.0;0.0	h	100.0	0.0	
22897	50177.408	4928.634	h;100.0;0.0	h	100.0	0.0	
22903	50177.986	4929.159	h;100.0;0.0	h	100.0	0.0	
22909	50178.468	4929.663	h;90.4;9.6	h	90.4	9.6	
22915	50178.999	4930.188	h;92.2;7.8	h	92.2	7.8	
22921	50179.483	4930.671	h;87.6;12.4	h	87.6	12.4	
22927	50179.936	4931.175	h;100.0;0.0	h	100.0	0.0	
22933	50180.479	4931.699	h;95.2;4.8	h	95.2	4.8	
22939	50180.963	4932.204	h;92.3;7.7	h	92.3	7.7	
22945	50181.496	4932.728	h;90.6;9.4	h	90.6	9.4	
22951	50182.026	4933.212	h;93.3;6.7	h	93.3	6.7	
22957	50182.554	4933.759	h;92.7;7.3	h	92.7	7.3	
22964	50183.132	4934.325	h;93.5;6.5	h	93.5	6.5	
22969	50183.554	4934.746	h;94.3;5.7	h	94.3	5.7	
22975	50184.069	4935.270	h;92.2;7.8	h	92.2	7.8	
22981	50184.568	4935.753	h;83.9;16.1	h	83.9	16.1	
22987	50185.067	4936.300	h;99.8;0.2	h	99.8	0.2	
22993	50185.567	4936.782	h;99.5;0.5	h	99.5	0.5	
22999	50186.081	4937.287	h;99.8;0.2	h	99.8	0.2	
23005	50186.581	4937.813	h;100.0;0.0	h	100.0	0.0	
23011	50187.063	4938.295	e;0.0;100.0	e	0.0	100.0	
23017	50187.610	4938.820	h;92.6;7.4	h	92.6	7.4	
23023	50188.094	4939.325	h;89.7;10.3	h	89.7	10.3	
23029	50188.654	4939.849	e;0.0;100.0	e	0.0	100.0	
23035	50189.106	4940.354	e;0.0;100.0	e	0.0	100.0	
23041	50189.652	4940.838	e;0.0;100.0	e	0.0	100.0	
23047	50190.182	4941.362	e;0.0;100.0	e	0.0	100.0	
23053	50190.636	4941.867	e;0.0;100.0	e	0.0	100.0	
23059	50191.212	4942.392	e;0.0;100.0	e	0.0	100.0	
23065	50191.664	4942.895	h;68.1;31.9	h	68.1	31.9	
23071	50192.226	4943.421	e;0.0;100.0	e	0.0	100.0	
23077	50192.709	4943.905	e;0.0;100.0	e	0.0	100.0	
23083	50193.162	4944.408	e;0.0;100.0	e	0.0	100.0	
23089	50193.725	4944.934	e;0.4;99.6	e	0.4	99.6	
23095	50194.225	4945.437	h;92.6;7.4	h	92.6	7.4	
23101	50194.784	4945.963	h;92.5;7.5	h	92.5	7.5	
23107	50195.238	4946.446	h;92.5;7.5	h	92.5	7.5	
23113	50195.751	4946.949	h;92.5;7.5	h	92.5	7.5	
23119	50196.235	4947.475	h;92.6;7.4	h	92.6	7.4	
23125	50196.749	4947.980	h;92.6;7.4	h	92.6	7.4	
23131	50197.295	4948.504	h;92.7;7.3	h	92.7	7.3	
23143	50198.309	4949.533	h;92.8;7.2	h	92.8	7.2	
23149	50198.809	4950.015	h;92.8;7.2	h	92.8	7.2	
23155	50199.339	4950.520	h;92.8;7.2	h	92.8	7.2	
23161	50199.822	4951.045	h;92.9;7.1	h	92.9	7.1	
23173	50200.836	4952.053	e;0.0;100.0	e	0.0	100.0	
23179	50201.351	4952.558	e;2.4;97.6	e	2.4	97.6	
23185	50201.884	4953.103	e;0.0;100.0	e	0.0	100.0	
23191	50202.365	4953.587	e;0.0;100.0	e	0.0	100.0	
23197	50202.864	4954.070	e;0.0;100.0	e	0.0	100.0	
23203	50203.379	4954.595	h;58.9;41.1	h	58.9	41.1	
23209	50203.865	4955.099	h;87.2;12.8	h	87.2	12.8	
23215	50204.409	4955.625	e;0.0;100.0	e	0.0	100.0	
23221	50204.923	4956.128	e;0.0;100.0	e	0.0	100.0	
23227	50205.454	4956.612	e;0.0;100.0	e	0.0	100.0	
23233	50205.971	4957.137	e;0.0;100.0	e	0.0	100.0	
23239	50206.407	4957.641	h;99.9;0.1	h	99.9	0.1	
23245	50206.936	4958.166	h;99.2;0.8	h	99.2	0.8	
23251	50207.485	4958.671	h;81.4;18.6	h	81.4	18.6	
23258	50208.075	4959.279	e;0.0;100.0	e	0.0	100.0	
23263	50208.499	4959.679	h;68.5;31.5	h	68.5	31.5	
23269	50208.967	4960.182	e;16.2;83.8	e	16.2	83.8	
23275	50209.463	4960.708	e;4.2;95.8	e	4.2	95.8	
23282	50210.026	4961.297	e;2.6;97.4	e	2.6	97.4	
23287	50210.477	4961.737	e;4.3;95.7	e	4.3	95.7	
23293	50210.962	4962.220	e;4.5;95.5	e	4.5	95.5	
23299	50211.538	4962.767	e;4.5;95.5	e	4.5	95.5	
23305	50212.069	4963.249	h;97.6;2.4	h	97.6	2.4	
23311	50212.474	4963.733	h;100.0;0.0	h	100.0	0.0	
23317	50213.067	4964.280	e;1.5;98.5	e	1.5	98.5	
23323	50213.535	4964.762	e;2.9;97.1	e	2.9	97.1	
23329	50214.082	4965.287	h;80.4;19.6	h	80.4	19.6	
23335	50214.612	4965.792	e;4.5;95.5	e	4.5	95.5	
23341	50215.110	4966.337	e;0.0;100.0	e	0.0	100.0	
23347	50215.626	4966.820	e;4.6;95.4	e	4.6	95.4	
23353	50216.061	4967.303	e;0.0;100.0	e	0.0	100.0	
23359	50216.607	4967.828	h;99.9;0.1	h	99.9	0.1	
23365	50217.106	4968.332	h;99.8;0.2	h	99.8	0.2	
23371	50217.655	4968.879	h;100.0;0.0	h	100.0	0.0	
23377	50218.167	4969.361	e;5.1;94.9	e	5.1	94.9	
23383	50218.684	4969.845	h;73.2;26.8	h	73.2	26.8	
23389	50219.135	4970.370	e;4.1;95.9	e	4.1	95.9	
23395	50219.633	4970.874	e;21.0;79.0	e	21.0	79.0	
23401	50220.148	4971.399	e;0.0;100.0	e	0.0	100.0	
23407	50220.681	4971.904	h;90.8;9.2	h	90.8	9.2	
23413	50221.193	4972.428	h;50.5;49.5	h	50.5	49.5	
23419	50221.694	4972.912	e;1.3;98.7	e	1.3	98.7	
23425	50222.194	4973.415	h;92.4;7.6	h	92.4	7.6	
23431	50222.753	4973.941	h;92.7;7.3	h	92.7	7.3	
23437	50223.239	4974.445	h;92.6;7.4	h	92.6	7.4	
23443	50223.720	4974.970	h;93.3;6.7	h	93.3	6.7	
23449	50224.235	4975.453	h;99.8;0.2	h	99.8	0.2	
23455	50224.718	4976.000	h;51.3;48.7	h	51.3	48.7	
23461	50225.235	4976.482	h;94.7;5.3	h	94.7	5.3	
23467	50225.765	4976.987	e;3.9;96.1	e	3.9	96.1	
23473	50226.294	4977.512	e;4.5;95.5	e	4.5	95.5	
23479	50226.762	4977.995	e;4.5;95.5	e	4.5	95.5	
23485	50227.326	4978.541	e;4.6;95.4	e	4.6	95.4	
23491	50227.794	4979.025	e;4.5;95.5	e	4.5	95.5	
23497	50228.322	4979.528	e;4.5;95.5	e	4.5	95.5	
23503	50228.853	4980.054	h;94.3;5.7	h	94.3	5.7	
23509	50229.291	4980.537	e;0.0;100.0	e	0.0	100.0	
23515	50229.835	4981.062	e;0.0;100.0	e	0.0	100.0	
23521	50230.352	4981.566	h;92.0;8.0	h	92.0	8.0	
23528	50230.961	4982.175	h;73.7;26.3	h	73.7	26.3	
23533	50231.381	4982.595	h;70.4;29.6	h	70.4	29.6	
23539	50231.879	4983.079	e;43.0;57.0	e	43.0	57.0	
23545	50232.362	4983.603	h;92.5;7.5	h	92.5	7.5	
23551	50232.893	4984.107	h;99.5;0.5	h	99.5	0.5	
23557	50233.441	4984.632	e;7.4;92.6	e	7.4	92.6	
23563	50233.922	4985.116	h;99.9;0.1	h	99.9	0.1	
23569	50234.455	4985.661	h;92.3;7.7	h	92.3	7.7	
23575	50234.921	4986.145	h;92.5;7.5	h	92.5	7.5	
23581	50235.404	4986.649	h;99.9;0.1	h	99.9	0.1	
23587	50235.922	4987.174	h;99.0;1.0	h	99.0	1.0	
23593	50236.482	4987.657	h;82.9;17.1	h	82.9	17.1	
23599	50236.997	4988.203	e;1.7;98.3	e	1.7	98.3	
23605	50237.497	4988.686	e;0.0;100.0	e	0.0	100.0	
23611	50237.978	4989.191	e;0.0;100.0	e	0.0	100.0	
23617	50238.479	4989.715	h;86.4;13.6	h	86.4	13.6	
23623	50238.995	4990.199	e;0.0;100.0	e	0.0	100.0	
23629	50239.510	4990.745	e;2.8;97.2	e	2.8	97.2	
23635	50239.975	4991.228	e;0.0;100.0	e	0.0	100.0	
23641	50240.553	4991.774	e;0.0;100.0	e	0.0	100.0	
23647	50241.053	4992.258	h;92.7;7.3	h	92.7	7.3	
23653	50241.520	4992.740	e;16.6;83.4	e	16.6	83.4	
23659	50242.067	4993.266	h;100.0;0.0	h	100.0	0.0	
23665	50242.565	4993.770	h;100.0;0.0	h	100.0	0.0	
23671	50243.080	4994.316	h;100.0;0.0	h	100.0	0.0	
23677	50243.578	4994.799	h;100.0;0.0	h	100.0	0.0	
23683	50244.110	4995.325	h;100.0;0.0	h	100.0	0.0	
23689	50244.639	4995.828	h;88.2;11.8	h	88.2	11.8	
23695	50245.091	4996.312	h;100.0;0.0	h	100.0	0.0	
23701	50245.622	4996.836	h;82.9;17.1	h	82.9	17.1	
23707	50246.106	4997.341	h;73.1;26.9	h	73.1	26.9	
23713	50246.621	4997.866	h;97.1;2.9	h	97.1	2.9	
23719	50247.121	4998.370	h;100.0;0.0	h	100.0	0.0	
23725	50247.681	4998.895	h;99.8;0.2	h	99.8	0.2	
23731	50248.198	4999.379	e;0.0;100.0	e	0.0	100.0	
23737	50248.679	4999.882	h;99.3;0.7	h	99.3	0.7	
23743	50249.178	5000.408	e;46.1;53.9	e	46.1	53.9	
23749	50249.678	5000.891	h;100.0;0.0	h	100.0	0.0	
23755	50250.224	5001.435	e;4.7;95.3	e	4.7	95.3	
23761	50250.693	5001.919	e;4.4;95.6	e	4.4	95.6	
23767	50251.223	5002.424	e;0.4;99.6	e	0.4	99.6	
23773	50251.706	5002.948	e;0.0;100.0	e	0.0	100.0	
23779	50252.192	5003.452	e;13.7;86.3	e	13.7	86.3	
23785	50252.766	5003.978	h;97.0;3.0	h	97.0	3.0	
23791	50253.206	5004.460	h;92.8;7.2	h	92.8	7.2	
23797	50253.734	5005.007	e;28.2;71.8	e	28.2	71.8	
23803	50254.279	5005.491	h;59.5;40.5	h	59.5	40.5	
23809	50254.747	5005.973	e;0.0;100.0	e	0.0	100.0	
23815	50255.312	5006.520	e;0.0;100.0	e	0.0	100.0	
23821	50255.748	5007.003	e;0.0;100.0	e	0.0	100.0	
23827	50256.324	5007.548	h;88.4;11.6	h	88.4	11.6	
23833	50256.776	5008.032	e;4.7;95.3	e	4.7	95.3	
23839	50257.322	5008.558	e;4.6;95.4	e	4.6	95.4	
23845	50257.822	5009.040	e;4.5;95.5	e	4.5	95.5	
23851	50258.322	5009.545	e;4.7;95.3	e	4.7	95.3	
23863	50259.318	5010.573	e;1.8;98.2	e	1.8	98.2	
23869	50259.866	5011.099	e;0.8;99.2	e	0.8	99.2	
23875	50260.382	5011.581	e;29.1;70.9	e	29.1	70.9	
23881	50260.927	5012.086	h;99.9;0.1	h	99.9	0.1	
23888	50261.488	5012.696	h;100.0;0.0	h	100.0	0.0	
23893	50261.844	5013.115	e;4.6;95.4	e	4.6	95.4	
23899	50262.377	5013.641	e;0.0;100.0	e	0.0	100.0	
23905	50262.921	5014.124	h;100.0;0.0	h	100.0	0.0	
23911	50263.423	5014.669	e;48.3;51.7	e	48.3	51.7	
23917	50263.904	5015.153	e;0.0;100.0	e	0.0	100.0	
23923	50264.437	5015.658	e;34.1;65.9	e	34.1	65.9	
23929	50264.967	5016.182	h;99.6;0.4	h	99.6	0.4	
23935	50265.448	5016.666	h;92.7;7.3	h	92.7	7.3	
23942	50266.088	5017.296	h;92.5;7.5	h	92.5	7.5	
23947	50266.478	5017.694	h;92.4;7.6	h	92.4	7.6	
23953	50266.945	5018.241	h;68.0;32.0	h	68.0	32.0	
23959	50267.478	5018.725	e;39.5;60.5	e	39.5	60.5	
23965	50267.946	5019.206	e;35.0;65.0	e	35.0	65.0	
23971	50268.523	5019.752	h;58.3;41.7	h	58.3	41.7	
23977	50268.990	5020.236	e;0.0;100.0	e	0.0	100.0	
23984	50269.569	5020.844	e;1.3;98.7	e	1.3	98.7	
23989	50270.067	5021.265	e;4.1;95.9	e	4.1	95.9	
23995	50270.581	5021.748	e;3.5;96.5	e	3.5	96.5	
24001	50271.050	5022.294	e;4.0;96.0	e	4.0	96.0	
24007	50271.581	5022.777	e;4.1;95.9	e	4.1	95.9	
24013	50272.049	5023.324	e;4.1;95.9	e	4.1	95.9	
24019	50272.595	5023.806	e;9.4;90.6	e	9.4	90.6	
24025	50273.110	5024.332	e;29.3;70.7	e	29.3	70.7	
24031	50273.592	5024.815	e;4.1;95.9	e	4.1	95.9	
24037	50274.154	5025.319	h;100.0;0.0	h	100.0	0.0	
24043	50274.637	5025.865	e;3.1;96.9	e	3.1	96.9	
24049	50275.105	5026.348	h;97.9;2.1	h	97.9	2.1	
24055	50275.603	5026.873	e;3.1;96.9	e	3.1	96.9	
24061	50276.150	5027.357	h;99.4;0.6	h	99.4	0.6	
24067	50276.664	5027.902	e;4.4;95.6	e	4.4	95.6	
24073	50277.151	5028.386	h;100.0;0.0	h	100.0	0.0	
24079	50277.631	5028.890	h;92.2;7.8	h	92.2	7.8	
24085	50278.177	5029.415	h;100.0;0.0	h	100.0	0.0	
24091	50278.647	5029.898	h;100.0;0.0	h	100.0	0.0	
24098	50279.287	5030.508	h;99.9;0.1	h	99.9	0.1	
24103	50279.675	5030.927	h;92.4;7.6	h	92.4	7.6	
24109	50280.189	5031.474	h;99.6;0.4	h	99.6	0.4	
24115	50280.738	5031.957	h;99.3;0.7	h	99.3	0.7	
24121	50281.189	5032.440	h;100.0;0.0	h	100.0	0.0	
24127	50281.734	5032.986	h;100.0;0.0	h	100.0	0.0	
24133	50282.234	5033.470	h;92.1;7.9	h	92.1	7.9	
24139	50282.764	5034.015	h;92.3;7.7	h	92.3	7.7	
24145	50283.247	5034.499	h;92.3;7.7	h	92.3	7.7	
24151	50283.795	5034.982	h;92.2;7.8	h	92.2	7.8	
24158	50284.388	5035.591	h;92.5;7.5	h	92.5	7.5	
24163	50284.747	5036.011	h;92.0;8.0	h	92.0	8.0	
24169	50285.276	5036.557	h;92.8;7.2	h	92.8	7.2	
24175	50285.774	5037.039	h;92.4;7.6	h	92.4	7.6	
24181	50286.291	5037.565	e;2.7;97.3	e	2.7	97.3	
24187	50286.821	5038.069	h;99.0;1.0	h	99.0	1.0	
24193	50287.318	5038.552	h;100.0;0.0	h	100.0	0.0	
24200	50287.911	5039.161	h;56.3;43.7	h	56.3	43.7	
24205	50288.333	5039.581	e;4.3;95.7	e	4.3	95.7	
24211	50288.849	5040.106	h;99.0;1.0	h	99.0	1.0	
24217	50289.380	5040.590	e;0.0;100.0	e	0.0	100.0	
24223	50289.878	5041.135	e;6.0;94.0	e	6.0	94.0	
24229	50290.377	5041.640	e;3.8;96.2	e	3.8	96.2	
24235	50290.859	5042.123	e;4.6;95.4	e	4.6	95.4	
24241	50291.406	5042.648	e;0.0;100.0	e	0.0	100.0	
24247	50291.890	5043.131	h;100.0;0.0	h	100.0	0.0	
24254	50292.545	5043.741	e;12.8;87.2	e	12.8	87.2	
24259	50292.920	5044.160	h;85.5;14.5	h	85.5	14.5	
24265	50293.480	5044.665	e;0.0;100.0	e	0.0	100.0	
24271	50293.965	5045.190	h;100.0;0.0	h	100.0	0.0	
24277	50294.447	5045.673	e;0.0;100.0	e	0.0	100.0	
24283	50294.946	5046.219	h;100.0;0.0	h	100.0	0.0	
24289	50295.448	5046.703	e;11.8;88.2	e	11.8	88.2	
24295	50296.007	5047.248	e;0.0;100.0	e	0.0	100.0	
24301	50296.477	5047.732	h;99.9;0.1	h	99.9	0.1	
24307	50296.976	5048.215	e;0.0;100.0	e	0.0	100.0	
24313	50297.521	5048.761	e;0.0;100.0	e	0.0	100.0	
24319	50297.990	5049.244	h;97.3;2.7	h	97.3	2.7	
24325	50298.519	5049.790	h;83.3;16.7	h	83.3	16.7	
24331	50299.051	5050.273	h;85.1;14.9	h	85.1	14.9	
24337	50299.564	5050.799	h;92.8;7.2	h	92.8	7.2	
24343	50300.049	5051.302	h;94.7;5.3	h	94.7	5.3	
24349	50300.564	5051.786	e;5.0;95.0	e	5.0	95.0	
24356	50301.171	5052.395	e;0.3;99.7	e	0.3	99.7	
24361	50301.577	5052.815	e;0.0;100.0	e	0.0	100.0	
24368	50302.202	5053.424	e;0.3;99.7	e	0.3	99.7	
24374	50302.699	5053.907	e;0.3;99.7	e	0.3	99.7	
24379	50303.107	5054.326	e;0.0;100.0	e	0.0	100.0	
24385	50303.637	5054.852	e;4.3;95.7	e	4.3	95.7	
24397	50304.650	5055.881	e;4.1;95.9	e	4.1	95.9	
24403	50305.148	5056.364	e;4.5;95.5	e	4.5	95.5	
24409	50305.632	5056.911	e;4.8;95.2	e	4.8	95.2	
24415	50306.180	5057.393	e;4.6;95.4	e	4.6	95.4	
24421	50306.695	5057.877	e;4.7;95.3	e	4.7	95.3	
24427	50307.193	5058.423	e;0.0;100.0	e	0.0	100.0	
24433	50307.661	5058.906	h;99.9;0.1	h	99.9	0.1	
24439	50308.222	5059.452	e;0.0;100.0	e	0.0	100.0	
24445	50308.690	5059.936	h;100.0;0.0	h	100.0	0.0	
24451	50309.269	5060.481	h;75.3;24.7	h	75.3	24.7	
24457	50309.703	5060.965	h;99.9;0.1	h	99.9	0.1	
24463	50310.204	5061.448	h;100.0;0.0	h	100.0	0.0	
24469	50310.749	5061.994	h;95.4;4.6	h	95.4	4.6	
24475	50311.217	5062.477	h;80.9;19.1	h	80.9	19.1	
24481	50311.762	5063.023	h;56.1;43.9	h	56.1	43.9	
24487	50312.246	5063.506	h;93.3;6.7	h	93.3	6.7	
24493	50312.808	5064.032	h;93.0;7.0	h	93.0	7.0	
24499	50313.291	5064.535	h;100.0;0.0	h	100.0	0.0	
24505	50313.791	5065.019	e;2.5;97.5	e	2.5	97.5	
24511	50314.291	5065.544	e;0.6;99.4	e	0.6	99.4	
24517	50314.806	5066.048	e;0.0;100.0	e	0.0	100.0	
24523	50315.306	5066.573	e;42.5;57.5	e	42.5	57.5	
24529	50315.819	5067.078	e;4.5;95.5	e	4.5	95.5	
24535	50316.319	5067.560	e;4.4;95.6	e	4.4	95.6	
24541	50316.863	5068.086	e;4.6;95.4	e	4.6	95.4	
24547	50317.365	5068.569	e;4.6;95.4	e	4.6	95.4	
24553	50317.848	5069.115	h;99.9;0.1	h	99.9	0.1	
24559	50318.362	5069.598	h;76.4;23.6	h	76.4	23.6	
24565	50318.924	5070.145	e;0.0;100.0	e	0.0	100.0	
24571	50319.392	5070.627	e;0.0;100.0	e	0.0	100.0	
24577	50319.860	5071.111	e;0.0;100.0	e	0.0	100.0	
24584	50320.500	5071.740	h;100.0;0.0	h	100.0	0.0	
24589	50320.858	5072.138	h;93.3;6.7	h	93.3	6.7	
24595	50321.450	5072.685	e;12.6;87.4	e	12.6	87.4	
24601	50321.919	5073.169	e;0.0;100.0	e	0.0	100.0	
24607	50322.496	5073.714	e;1.5;98.5	e	1.5	98.5	
24613	50322.965	5074.197	e;0.0;100.0	e	0.0	100.0	
24619	50323.431	5074.681	e;4.6;95.4	e	4.6	95.4	
24625	50323.994	5075.226	e;4.5;95.5	e	4.5	95.5	
24631	50324.460	5075.710	e;0.0;100.0	e	0.0	100.0	
24637	50325.037	5076.257	e;5.3;94.7	e	5.3	94.7	
24643	50325.491	5076.739	e;5.5;94.5	e	5.5	94.5	
24649	50325.975	5077.222	h;71.1;28.9	h	71.1	28.9	
24655	50326.505	5077.769	e;3.0;97.0	e	3.0	97.0	
24661	50326.989	5078.251	e;5.3;94.7	e	5.3	94.7	
24667	50327.535	5078.777	e;0.0;100.0	e	0.0	100.0	
24673	50328.066	5079.280	h;100.0;0.0	h	100.0	0.0	
24679	50328.548	5079.806	h;100.0;0.0	h	100.0	0.0	
24685	50329.034	5080.311	e;9.5;90.5	e	9.5	90.5	
24691	50329.577	5080.793	e;3.8;96.2	e	3.8	96.2	
24697	50330.060	5081.318	e;0.0;100.0	e	0.0	100.0	
24703	50330.560	5081.823	e;0.4;99.6	e	0.4	99.6	
24709	50331.074	5082.347	e;19.2;80.8	e	19.2	80.8	
24715	50331.607	5082.852	h;93.5;6.5	h	93.5	6.5	
24721	50332.152	5083.378	h;68.1;31.9	h	68.1	31.9	
24727	50332.620	5083.860	e;3.2;96.8	e	3.2	96.8	
24733	50333.089	5084.344	h;99.9;0.1	h	99.9	0.1	
24739	50333.650	5084.890	e;2.3;97.7	e	2.3	97.7	
24745	50334.117	5085.372	e;0.0;100.0	e	0.0	100.0	
24751	50334.663	5085.919	e;0.0;100.0	e	0.0	100.0	
24757	50335.163	5086.403	h;70.7;29.3	h	70.7	29.3	
24763	50335.662	5086.885	e;0.4;99.6	e	0.4	99.6	
24769	50336.177	5087.432	e;0.4;99.6	e	0.4	99.6	
24775	50336.677	5087.914	e;0.0;100.0	e	0.0	100.0	
24787	50337.688	5088.943	e;0.0;100.0	e	0.0	100.0	
24793	50338.234	5089.468	e;17.0;83.0	e	17.0	83.0	
24799	50338.704	5089.972	e;0.0;100.0	e	0.0	100.0	
24805	50339.264	5090.455	e;0.0;100.0	e	0.0	100.0	
24811	50339.747	5091.002	e;0.0;100.0	e	0.0	100.0	
24817	50340.216	5091.484	e;0.0;100.0	e	0.0	100.0	
24823	50340.793	5092.010	h;82.9;17.1	h	82.9	17.1	
24829	50341.276	5092.513	e;0.0;100.0	e	0.0	100.0	
24835	50341.794	5093.039	e;0.0;100.0	e	0.0	100.0	
24841	50342.274	5093.543	e;0.0;100.0	e	0.0	100.0	
24847	50342.775	5094.026	e;0.0;100.0	e	0.0	100.0	
24853	50343.276	5094.551	h;99.7;0.3	h	99.7	0.3	
24859	50343.790	5095.056	h;93.4;6.6	h	93.4	6.6	
24865	50344.304	5095.580	e;0.0;100.0	e	0.0	100.0	
24871	50344.784	5096.085	h;93.1;6.9	h	93.1	6.9	
24877	50345.317	5096.610	h;94.8;5.2	h	94.8	5.2	
24883	50345.815	5097.093	h;92.2;7.8	h	92.2	7.8	
24889	50346.362	5097.576	e;3.8;96.2	e	3.8	96.2	
24895	50346.863	5098.123	e;0.0;100.0	e	0.0	100.0	
24901	50347.360	5098.626	e;0.0;100.0	e	0.0	100.0	
24907	50347.876	5099.152	e;0.0;100.0	e	0.0	100.0	
24913	50348.374	5099.635	e;4.5;95.5	e	4.5	95.5	
24919	50348.890	5100.118	e;20.7;79.3	e	20.7	79.3	
24925	50349.372	5100.664	e;28.3;71.7	e	28.3	71.7	
24931	50349.872	5101.148	e;15.7;84.3	e	15.7	84.3	
24937	50350.418	5101.693	h;94.6;5.4	h	94.6	5.4	
24943	50350.918	5102.177	h;100.0;0.0	h	100.0	0.0	
24949	50351.432	5102.701	h;100.0;0.0	h	100.0	0.0	
24955	50351.946	5103.206	h;99.7;0.3	h	99.7	0.3	
24961	50352.398	5103.689	h;89.0;11.0	h	89.0	11.0	
24967	50352.944	5104.235	e;6.0;94.0	e	6.0	94.0	
24973	50353.443	5104.718	h;99.2;0.8	h	99.2	0.8	
24979	50353.976	5105.244	e;39.1;60.9	e	39.1	60.9	
24985	50354.520	5105.747	h;100.0;0.0	h	100.0	0.0	
24991	50355.020	5106.272	h;98.5;1.5	h	98.5	1.5	
25003	50355.987	5107.259	e;0.4;99.6	e	0.4	99.6	
25009	50356.533	5107.784	e;0.3;99.7	e	0.3	99.7	
25016	50357.127	5108.373	e;10.5;89.5	e	10.5	89.5	
25021	50357.578	5108.813	e;0.0;100.0	e	0.0	100.0	
25027	50358.046	5109.318	e;0.0;100.0	e	0.0	100.0	
25033	50358.592	5109.801	e;3.7;96.3	e	3.7	96.3	
25039	50359.076	5110.326	h;100.0;0.0	h	100.0	0.0	
25045	50359.558	5110.830	h;100.0;0.0	h	100.0	0.0	
25051	50360.090	5111.356	e;0.3;99.7	e	0.3	99.7	
25063	50361.118	5112.385	h;93.1;6.9	h	93.1	6.9	
25069	50361.602	5112.868	e;39.5;60.5	e	39.5	60.5	
25075	50362.117	5113.351	e;4.5;95.5	e	4.5	95.5	
25081	50362.631	5113.897	h;99.6;0.4	h	99.6	0.4	
25087	50363.146	5114.381	h;87.1;12.9	h	87.1	12.9	
25093	50363.645	5114.926	e;47.0;53.0	e	47.0	53.0	
25099	50364.147	5115.410	h;100.0;0.0	h	100.0	0.0	
25105	50364.706	5115.934	h;97.7;2.3	h	97.7	2.3	
25117	50365.673	5116.922	e;13.0;87.0	e	13.0	87.0	
25123	50366.219	5117.468	h;100.0;0.0	h	100.0	0.0	
25129	50366.703	5117.951	h;100.0;0.0	h	100.0	0.0	
25135	50367.186	5118.477	h;100.0;0.0	h	100.0	0.0	
25142	50367.797	5119.043	h;99.6;0.4	h	99.6	0.4	
25147	50368.247	5119.464	h;99.8;0.2	h	99.8	0.2	
25153	50368.715	5120.010	h;100.0;0.0	h	100.0	0.0	
25159	50369.230	5120.493	h;84.0;16.0	h	84.0	16.0	
25165	50369.776	5121.018	e;40.4;59.6	e	40.4	59.6	
25171	50370.230	5121.523	h;100.0;0.0	h	100.0	0.0	
25177	50370.790	5122.047	h;92.2;7.8	h	92.2	7.8	
25183	50371.244	5122.552	h;92.6;7.4	h	92.6	7.4	
25189	50371.775	5123.035	h;92.9;7.1	h	92.9	7.1	
25195	50372.337	5123.560	h;92.2;7.8	h	92.2	7.8	
25201	50372.787	5124.063	h;91.6;8.4	h	91.6	8.4	
25207	50373.333	5124.589	e;4.5;95.5	e	4.5	95.5	
25214	50373.864	5125.155	e;10.1;89.9	e	10.1	89.9	
25219	50374.346	5125.618	e;4.6;95.4	e	4.6	95.4	
25225	50374.814	5126.101	e;0.0;100.0	e	0.0	100.0	
25231	50375.329	5126.605	e;0.0;100.0	e	0.0	100.0	
25237	50375.891	5127.130	e;4.6;95.4	e	4.6	95.4	
25243	50376.359	5127.614	e;7.5;92.5	e	7.5	92.5	
25249	50376.889	5128.159	e;4.3;95.7	e	4.3	95.7	
25255	50377.404	5128.643	h;50.0;50.0	h	50.0	50.0	
25261	50377.872	5129.168	e;0.0;100.0	e	0.0	100.0	
25267	50378.389	5129.672	h;100.0;0.0	h	100.0	0.0	
25273	50378.901	5130.155	h;98.1;1.9	h	98.1	1.9	
25279	50379.416	5130.701	h;99.8;0.2	h	99.8	0.2	
25285	50379.915	5131.184	h;75.0;25.0	h	75.0	25.0	
25291	50380.417	5131.710	h;99.2;0.8	h	99.2	0.8	
25298	50381.039	5132.276	h;92.7;7.3	h	92.7	7.3	
25303	50381.477	5132.697	h;99.3;0.7	h	99.3	0.7	
25309	50381.976	5133.243	e;18.6;81.4	e	18.6	81.4	
25315	50382.474	5133.726	h;83.7;16.3	h	83.7	16.3	
25321	50383.023	5134.251	h;96.3;3.7	h	96.3	3.7	
25327	50383.504	5134.756	h;100.0;0.0	h	100.0	0.0	
25333	50384.002	5135.280	h;97.2;2.8	h	97.2	2.8	
25339	50384.470	5135.785	e;0.0;100.0	e	0.0	100.0	
25345	50384.970	5136.268	e;15.6;84.4	e	15.6	84.4	
25351	50385.548	5136.793	e;40.6;59.4	e	40.6	59.4	
25358	50386.110	5137.360	h;92.1;7.9	h	92.1	7.9	
25363	50386.561	5137.823	e;48.6;51.4	e	48.6	51.4	
25369	50387.044	5138.305	h;99.4;0.6	h	99.4	0.6	
25375	50387.575	5138.852	h;99.4;0.6	h	99.4	0.6	
25381	50388.075	5139.334	e;43.3;56.7	e	43.3	56.7	
25388	50388.684	5139.902	e;0.0;100.0	e	0.0	100.0	
25393	50389.103	5140.364	e;0.4;99.6	e	0.4	99.6	
25399	50389.604	5140.847	e;5.2;94.8	e	5.2	94.8	
25405	50390.120	5141.392	e;0.9;99.1	e	0.9	99.1	
25411	50390.586	5141.875	e;0.0;100.0	e	0.0	100.0	
25417	50391.147	5142.380	e;0.0;100.0	e	0.0	100.0	
25423	50391.616	5142.904	h;99.3;0.7	h	99.3	0.7	
25429	50392.100	5143.388	e;38.4;61.6	e	38.4	61.6	
25435	50392.676	5143.935	h;99.6;0.4	h	99.6	0.4	
25441	50393.146	5144.417	e;43.1;56.9	e	43.1	56.9	
25447	50393.690	5144.943	e;0.0;100.0	e	0.0	100.0	
25453	50394.157	5145.446	h;100.0;0.0	h	100.0	0.0	
25459	50394.674	5145.929	h;66.2;33.8	h	66.2	33.8	
25465	50395.236	5146.455	e;0.0;100.0	e	0.0	100.0	
25471	50395.717	5146.958	h;100.0;0.0	h	100.0	0.0	
25477	50396.234	5147.484	h;99.0;1.0	h	99.0	1.0	
25483	50396.733	5147.989	e;0.0;100.0	e	0.0	100.0	
25489	50397.264	5148.513	h;98.7;1.3	h	98.7	1.3	
25495	50397.730	5148.996	h;99.6;0.4	h	99.6	0.4	
25501	50398.215	5149.501	h;100.0;0.0	h	100.0	0.0	
25507	50398.730	5150.025	e;6.1;93.9	e	6.1	93.9	
25513	50399.246	5150.530	h;92.0;8.0	h	92.0	8.0	
25519	50399.789	5151.056	h;98.7;1.3	h	98.7	1.3	
25525	50400.272	5151.538	h;85.2;14.8	h	85.2	14.8	
25531	50400.803	5152.043	h;100.0;0.0	h	100.0	0.0	
25537	50401.286	5152.568	h;92.0;8.0	h	92.0	8.0	
25543	50401.787	5153.071	e;0.0;100.0	e	0.0	100.0	
25549	50402.333	5153.597	h;100.0;0.0	h	100.0	0.0	
25555	50402.785	5154.081	h;92.1;7.9	h	92.1	7.9	
25561	50403.379	5154.605	h;91.8;8.2	h	91.8	8.2	
25567	50403.799	5155.110	h;92.2;7.8	h	92.2	7.8	
25573	50404.359	5155.613	h;92.3;7.7	h	92.3	7.7	
25579	50404.875	5156.139	h;92.8;7.2	h	92.8	7.2	
25586	50405.453	5156.706	h;98.0;2.0	h	98.0	2.0	
25591	50405.889	5157.167	e;0.0;100.0	e	0.0	100.0	
25597	50406.389	5157.651	h;100.0;0.0	h	100.0	0.0	
25603	50406.903	5158.177	e;32.9;67.1	e	32.9	67.1	
25609	50407.402	5158.680	e;29.5;70.5	e	29.5	70.5	
25615	50407.869	5159.162	e;40.7;59.3	e	40.7	59.3	
25621	50408.417	5159.688	e;42.0;58.0	e	42.0	58.0	
25627	50408.945	5160.191	e;3.1;96.9	e	3.1	96.9	
25633	50409.432	5160.717	e;3.4;96.6	e	3.4	96.6	
25639	50409.946	5161.221	e;29.2;70.8	e	29.2	70.8	
25645	50410.490	5161.746	h;100.0;0.0	h	100.0	0.0	
25651	50410.960	5162.229	h;100.0;0.0	h	100.0	0.0	
25657	50411.442	5162.734	e;13.7;86.3	e	13.7	86.3	
25663	50412.020	5163.258	h;92.8;7.2	h	92.8	7.2	
25669	50412.457	5163.763	e;0.0;100.0	e	0.0	100.0	
25675	50413.001	5164.288	e;48.9;51.1	e	48.9	51.1	
25681	50413.500	5164.771	e;0.5;99.5	e	0.5	99.5	
25687	50414.016	5165.275	e;0.0;100.0	e	0.0	100.0	
