Subject:	S1111
Project:	BesteRTMusic
Time:	2015-03-31_11-11-55

NbPoints	Matlab_now	BoxyTime	Stimulus_String	Trial_no	Stimulus_Label	Stimulus_Time
234	40335.806	3381.891	1;baselinestart;1427814738104;	1	baselinestart	1427814738104	
930	40394.806	3440.914	1;baselineend;1427814797110;	1	baselineend	1427814797110	
1013	40401.859	3447.972	21;hardstart;1427814804168;	21	hardstart	1427814804168	
1367	40431.918	3477.988	21;hardend;1427814834169;	21	hardend	1427814834169	
1676	40458.031	3504.181	4;easystart;1427814860278;	4	easystart	1427814860278	
2029	40487.982	3534.134	4;easyend;1427814890280;	4	easyend	1427814890280	
2337	40514.126	3560.265	10;easystart;1427814916333;	10	easystart	1427814916333	
2690	40544.054	3590.218	10;easyend;1427814946335;	10	easyend	1427814946335	
2997	40570.051	3616.222	16;hardstart;1427814972367;	16	hardstart	1427814972367	
3351	40600.147	3646.259	16;hardend;1427815002369;	16	hardend	1427815002369	
3660	40626.325	3672.473	11;easystart;1427815028634;	11	easystart	1427815028634	
4014	40656.343	3702.510	11;easyend;1427815058634;	11	easyend	1427815058634	
4321	40682.337	3728.536	19;hardstart;1427815084671;	19	hardstart	1427815084671	
4675	40712.378	3758.552	19;hardend;1427815114672;	19	hardend	1427815114672	
4982	40738.404	3784.619	18;hardstart;1427815140711;	18	hardstart	1427815140711	
5336	40768.414	3814.635	18;hardend;1427815170713;	18	hardend	1427815170713	
5643	40794.451	3840.660	5;easystart;1427815196762;	5	easystart	1427815196762	
5997	40824.493	3870.697	5;easyend;1427815226763;	5	easyend	1427815226763	
